Date,Universe,Factor,StockCode,StockName,FactorValue,ValueStatus,SourceRow
"2017-12-19","ALL","PER(12MF)","A000020","동화약품","","BLANK","14"
"2017-12-19","ALL","PER(12MF)","A000050","경방","","BLANK","15"
"2017-12-19","ALL","PER(12MF)","A000070","삼양홀딩스","9.88","OK","16"
"2017-12-19","ALL","PER(12MF)","A000080","하이트진로","21.65","OK","17"
"2017-12-19","ALL","PER(12MF)","A000100","유한양행","17.32","OK","18"
"2017-12-19","ALL","PER(12MF)","A000120","CJ대한통운","32.1","OK","19"
"2017-12-19","ALL","PER(12MF)","A000150","두산","9.41","OK","20"
"2017-12-19","ALL","PER(12MF)","A000210","DL","4.95","OK","21"
"2017-12-19","ALL","PER(12MF)","A000240","한국앤컴퍼니","7.61","OK","22"
"2017-12-19","ALL","PER(12MF)","A000250","삼천당제약","","BLANK","23"
"2017-12-19","ALL","PER(12MF)","A000270","기아","5.74","OK","24"
"2017-12-19","ALL","PER(12MF)","A000370","한화손해보험","4.4","OK","25"
"2017-12-19","ALL","PER(12MF)","A000400","롯데손해보험","","BLANK","26"
"2017-12-19","ALL","PER(12MF)","A000480","CR홀딩스","","BLANK","27"
"2017-12-19","ALL","PER(12MF)","A000540","흥국화재","","BLANK","28"
"2017-12-19","ALL","PER(12MF)","A000640","동아쏘시오홀딩스","","BLANK","29"
"2017-12-19","ALL","PER(12MF)","A000660","SK하이닉스","4.54","OK","30"
"2017-12-19","ALL","PER(12MF)","A000670","영풍","6.46","OK","31"
"2017-12-19","ALL","PER(12MF)","A000720","현대건설","6.39","OK","32"
"2017-12-19","ALL","PER(12MF)","A000810","삼성화재","12.3","OK","33"
"2017-12-19","ALL","PER(12MF)","A000880","한화","5.13","OK","34"
"2017-12-19","ALL","PER(12MF)","A000990","DB하이텍","5.43","OK","35"
"2017-12-19","ALL","PER(12MF)","A001040","CJ","14.03","OK","36"
"2017-12-19","ALL","PER(12MF)","A001060","JW중외제약","","BLANK","37"
"2017-12-19","ALL","PER(12MF)","A001120","LX인터내셔널","8.33","OK","38"
"2017-12-19","ALL","PER(12MF)","A001130","대한제분","","BLANK","39"
"2017-12-19","ALL","PER(12MF)","A001200","유진투자증권","","BLANK","40"
"2017-12-19","ALL","PER(12MF)","A001230","동국홀딩스","8.76","OK","41"
"2017-12-19","ALL","PER(12MF)","A001270","부국증권","","BLANK","42"
"2017-12-19","ALL","PER(12MF)","A001390","KG케미칼","","BLANK","43"
"2017-12-19","ALL","PER(12MF)","A001430","세아베스틸지주","7.53","OK","44"
"2017-12-19","ALL","PER(12MF)","A001440","대한전선","","BLANK","45"
"2017-12-19","ALL","PER(12MF)","A001450","현대해상","8.13","OK","46"
"2017-12-19","ALL","PER(12MF)","A001500","현대차증권","","BLANK","47"
"2017-12-19","ALL","PER(12MF)","A001510","SK증권","","BLANK","48"
"2017-12-19","ALL","PER(12MF)","A001520","동양","14.97","OK","49"
"2017-12-19","ALL","PER(12MF)","A001630","종근당홀딩스","39.23","OK","50"
"2017-12-19","ALL","PER(12MF)","A001680","대상","12.55","OK","51"
"2017-12-19","ALL","PER(12MF)","A001720","신영증권","","BLANK","52"
"2017-12-19","ALL","PER(12MF)","A001740","SK네트웍스","12.62","OK","53"
"2017-12-19","ALL","PER(12MF)","A001780","알루코","","BLANK","54"
"2017-12-19","ALL","PER(12MF)","A001800","오리온홀딩스","","BLANK","55"
"2017-12-19","ALL","PER(12MF)","A001820","삼화콘덴서","16.44","OK","56"
"2017-12-19","ALL","PER(12MF)","A001940","KISCO홀딩스","","BLANK","57"
"2017-12-19","ALL","PER(12MF)","A002020","코오롱","16.69","OK","58"
"2017-12-19","ALL","PER(12MF)","A002030","아세아","","BLANK","59"
"2017-12-19","ALL","PER(12MF)","A002240","고려제강","","BLANK","60"
"2017-12-19","ALL","PER(12MF)","A002320","한진","5.45","OK","61"
"2017-12-19","ALL","PER(12MF)","A002350","넥센타이어","7.63","OK","62"
"2017-12-19","ALL","PER(12MF)","A002380","KCC","13.53","OK","63"
"2017-12-19","ALL","PER(12MF)","A002390","한독","","BLANK","64"
"2017-12-19","ALL","PER(12MF)","A002780","진흥기업","","BLANK","65"
"2017-12-19","ALL","PER(12MF)","A002790","아모레퍼시픽홀딩스","38.9","OK","66"
"2017-12-19","ALL","PER(12MF)","A002810","삼영무역","","BLANK","67"
"2017-12-19","ALL","PER(12MF)","A002960","한국쉘석유","","BLANK","68"
"2017-12-19","ALL","PER(12MF)","A002990","금호건설","5.34","OK","69"
"2017-12-19","ALL","PER(12MF)","A003000","부광약품","","BLANK","70"
"2017-12-19","ALL","PER(12MF)","A003030","세아제강지주","5.48","OK","71"
"2017-12-19","ALL","PER(12MF)","A003060","에이프로젠바이오로직스","","BLANK","72"
"2017-12-19","ALL","PER(12MF)","A003070","코오롱글로벌","4.7","OK","73"
"2017-12-19","ALL","PER(12MF)","A003090","대웅","72.68","OK","74"
"2017-12-19","ALL","PER(12MF)","A003120","일성아이에스","","BLANK","75"
"2017-12-19","ALL","PER(12MF)","A003200","일신방직","","BLANK","76"
"2017-12-19","ALL","PER(12MF)","A003220","대원제약","13.29","OK","77"
"2017-12-19","ALL","PER(12MF)","A003230","삼양식품","16.59","OK","78"
"2017-12-19","ALL","PER(12MF)","A003240","태광산업","","BLANK","79"
"2017-12-19","ALL","PER(12MF)","A003300","한일홀딩스","6.62","OK","80"
"2017-12-19","ALL","PER(12MF)","A003380","하림지주","","BLANK","81"
"2017-12-19","ALL","PER(12MF)","A003470","유안타증권","","BLANK","82"
"2017-12-19","ALL","PER(12MF)","A003490","대한항공","8.21","OK","83"
"2017-12-19","ALL","PER(12MF)","A003520","영진약품","","BLANK","84"
"2017-12-19","ALL","PER(12MF)","A003530","한화투자증권","","BLANK","85"
"2017-12-19","ALL","PER(12MF)","A003540","대신증권","11.09","OK","86"
"2017-12-19","ALL","PER(12MF)","A003550","LG","7.95","OK","87"
"2017-12-19","ALL","PER(12MF)","A003570","SNT다이내믹스","","BLANK","88"
"2017-12-19","ALL","PER(12MF)","A003620","KG모빌리티","22.08","OK","89"
"2017-12-19","ALL","PER(12MF)","A003670","포스코퓨처엠","14.31","OK","90"
"2017-12-19","ALL","PER(12MF)","A003690","코리안리","6.87","OK","91"
"2017-12-19","ALL","PER(12MF)","A003800","에이스침대","","BLANK","92"
"2017-12-19","ALL","PER(12MF)","A003850","보령","11.17","OK","93"
"2017-12-19","ALL","PER(12MF)","A003920","남양유업","","BLANK","94"
"2017-12-19","ALL","PER(12MF)","A004000","롯데정밀화학","10.66","OK","95"
"2017-12-19","ALL","PER(12MF)","A004020","현대제철","7.72","OK","96"
"2017-12-19","ALL","PER(12MF)","A004170","신세계","12.96","OK","97"
"2017-12-19","ALL","PER(12MF)","A004370","농심","19","OK","98"
"2017-12-19","ALL","PER(12MF)","A004380","삼익THK","","BLANK","99"
"2017-12-19","ALL","PER(12MF)","A004430","송원산업","8.29","OK","100"
"2017-12-19","ALL","PER(12MF)","A004490","세방전지","","BLANK","101"
"2017-12-19","ALL","PER(12MF)","A004690","삼천리","13.32","OK","102"
"2017-12-19","ALL","PER(12MF)","A004700","조광피혁","","BLANK","103"
"2017-12-19","ALL","PER(12MF)","A004710","한솔테크닉스","14.95","OK","104"
"2017-12-19","ALL","PER(12MF)","A004800","효성","3.74","OK","105"
"2017-12-19","ALL","PER(12MF)","A004970","신라교역","","BLANK","106"
"2017-12-19","ALL","PER(12MF)","A004990","롯데지주","17.93","OK","107"
"2017-12-19","ALL","PER(12MF)","A005180","빙그레","17.39","OK","108"
"2017-12-19","ALL","PER(12MF)","A005250","녹십자홀딩스","57.6","OK","109"
"2017-12-19","ALL","PER(12MF)","A005290","동진쎄미켐","","BLANK","110"
"2017-12-19","ALL","PER(12MF)","A005300","롯데칠성","25.97","OK","111"
"2017-12-19","ALL","PER(12MF)","A005380","현대차","8.07","OK","112"
"2017-12-19","ALL","PER(12MF)","A005420","코스모화학","14.19","OK","113"
"2017-12-19","ALL","PER(12MF)","A005440","현대지에프홀딩스","7.9","OK","114"
"2017-12-19","ALL","PER(12MF)","A005490","POSCO홀딩스","9.12","OK","115"
"2017-12-19","ALL","PER(12MF)","A005500","삼진제약","13.13","OK","116"
"2017-12-19","ALL","PER(12MF)","A005610","삼립","22.43","OK","117"
"2017-12-19","ALL","PER(12MF)","A005680","삼영전자","17.75","OK","118"
"2017-12-19","ALL","PER(12MF)","A005690","파미셀","","BLANK","119"
"2017-12-19","ALL","PER(12MF)","A005720","넥센","","BLANK","120"
"2017-12-19","ALL","PER(12MF)","A005810","풍산홀딩스","5.02","OK","121"
"2017-12-19","ALL","PER(12MF)","A005830","DB손해보험","7.68","OK","122"
"2017-12-19","ALL","PER(12MF)","A005850","에스엘","5.75","OK","123"
"2017-12-19","ALL","PER(12MF)","A005880","대한해운","6.35","OK","124"
"2017-12-19","ALL","PER(12MF)","A005930","삼성전자","7.92","OK","125"
"2017-12-19","ALL","PER(12MF)","A005940","NH투자증권","11.5","OK","126"
"2017-12-19","ALL","PER(12MF)","A006040","동원산업","7.98","OK","127"
"2017-12-19","ALL","PER(12MF)","A006060","화승인더","7.32","OK","128"
"2017-12-19","ALL","PER(12MF)","A006120","SK디스커버리","11.25","OK","129"
"2017-12-19","ALL","PER(12MF)","A006260","LS","9.35","OK","130"
"2017-12-19","ALL","PER(12MF)","A006280","녹십자","30.61","OK","131"
"2017-12-19","ALL","PER(12MF)","A006360","GS건설","7.1","OK","132"
"2017-12-19","ALL","PER(12MF)","A006380","카프로","6.2","OK","133"
"2017-12-19","ALL","PER(12MF)","A006400","삼성SDI","13.59","OK","134"
"2017-12-19","ALL","PER(12MF)","A006650","대한유화","4.94","OK","135"
"2017-12-19","ALL","PER(12MF)","A006730","서부T&D","80.01","OK","136"
"2017-12-19","ALL","PER(12MF)","A006800","미래에셋증권","11.25","OK","137"
"2017-12-19","ALL","PER(12MF)","A006840","AK홀딩스","7.39","OK","138"
"2017-12-19","ALL","PER(12MF)","A007070","GS리테일","16","OK","139"
"2017-12-19","ALL","PER(12MF)","A007160","사조산업","6.61","OK","140"
"2017-12-19","ALL","PER(12MF)","A007210","벽산","11.34","OK","141"
"2017-12-19","ALL","PER(12MF)","A007310","오뚜기","19.72","OK","142"
"2017-12-19","ALL","PER(12MF)","A007340","DN오토모티브","","BLANK","143"
"2017-12-19","ALL","PER(12MF)","A007390","네이처셀","","BLANK","144"
"2017-12-19","ALL","PER(12MF)","A007460","에이프로젠","","BLANK","145"
"2017-12-19","ALL","PER(12MF)","A007570","일양약품","63.7","OK","146"
"2017-12-19","ALL","PER(12MF)","A007690","국도화학","","BLANK","147"
"2017-12-19","ALL","PER(12MF)","A007700","F&F홀딩스","4.69","OK","148"
"2017-12-19","ALL","PER(12MF)","A007720","소노스퀘어","17.1","OK","149"
"2017-12-19","ALL","PER(12MF)","A007810","코리아써키트","6.19","OK","150"
"2017-12-19","ALL","PER(12MF)","A007820","엠엑스로보틱스","16.65","OK","151"
"2017-12-19","ALL","PER(12MF)","A008060","대덕","10.74","OK","152"
"2017-12-19","ALL","PER(12MF)","A008490","서흥","","BLANK","153"
"2017-12-19","ALL","PER(12MF)","A008730","율촌화학","18.28","OK","154"
"2017-12-19","ALL","PER(12MF)","A008770","호텔신라","36.07","OK","155"
"2017-12-19","ALL","PER(12MF)","A008930","한미사이언스","","BLANK","156"
"2017-12-19","ALL","PER(12MF)","A009150","삼성전기","20.09","OK","157"
"2017-12-19","ALL","PER(12MF)","A009240","한샘","26.72","OK","158"
"2017-12-19","ALL","PER(12MF)","A009290","광동제약","13.79","OK","159"
"2017-12-19","ALL","PER(12MF)","A009410","태영건설","","BLANK","160"
"2017-12-19","ALL","PER(12MF)","A009420","한올바이오파마","","BLANK","161"
"2017-12-19","ALL","PER(12MF)","A009450","경동나비엔","13.82","OK","162"
"2017-12-19","ALL","PER(12MF)","A009540","HD한국조선해양","60.3","OK","163"
"2017-12-19","ALL","PER(12MF)","A009580","무림P&P","7.26","OK","164"
"2017-12-19","ALL","PER(12MF)","A009680","모토닉","","BLANK","165"
"2017-12-19","ALL","PER(12MF)","A009830","한화솔루션","6.94","OK","166"
"2017-12-19","ALL","PER(12MF)","A009970","영원무역홀딩스","9.29","OK","167"
"2017-12-19","ALL","PER(12MF)","A010060","OCI홀딩스","12.97","OK","168"
"2017-12-19","ALL","PER(12MF)","A010120","LS ELECTRIC","13.14","OK","169"
"2017-12-19","ALL","PER(12MF)","A010130","고려아연","11.22","OK","170"
"2017-12-19","ALL","PER(12MF)","A010140","삼성중공업","","BLANK","171"
"2017-12-19","ALL","PER(12MF)","A010170","대한광통신","10.11","OK","172"
"2017-12-19","ALL","PER(12MF)","A010780","아이에스동서","8.56","OK","173"
"2017-12-19","ALL","PER(12MF)","A010950","S-Oil","9.43","OK","174"
"2017-12-19","ALL","PER(12MF)","A011040","경동제약","11.29","OK","175"
"2017-12-19","ALL","PER(12MF)","A011070","LG이노텍","10.25","OK","176"
"2017-12-19","ALL","PER(12MF)","A011170","롯데케미칼","5.33","OK","177"
"2017-12-19","ALL","PER(12MF)","A011200","HMM","","BLANK","178"
"2017-12-19","ALL","PER(12MF)","A011210","현대위아","9.38","OK","179"
"2017-12-19","ALL","PER(12MF)","A011760","현대코퍼레이션","6.16","OK","180"
"2017-12-19","ALL","PER(12MF)","A011780","금호석유화학","14.56","OK","181"
"2017-12-19","ALL","PER(12MF)","A011790","SKC","9.02","OK","182"
"2017-12-19","ALL","PER(12MF)","A011810","STX","","BLANK","183"
"2017-12-19","ALL","PER(12MF)","A011930","신성이엔지","7.47","OK","184"
"2017-12-19","ALL","PER(12MF)","A012330","현대모비스","8.6","OK","185"
"2017-12-19","ALL","PER(12MF)","A012450","한화에어로스페이스","19.85","OK","186"
"2017-12-19","ALL","PER(12MF)","A012510","더존비즈온","22.49","OK","187"
"2017-12-19","ALL","PER(12MF)","A012630","HDC","4.74","OK","188"
"2017-12-19","ALL","PER(12MF)","A012750","에스원","21.67","OK","189"
"2017-12-19","ALL","PER(12MF)","A013030","하이록코리아","12.01","OK","190"
"2017-12-19","ALL","PER(12MF)","A013120","동원개발","4.35","OK","191"
"2017-12-19","ALL","PER(12MF)","A013890","지누스","","BLANK","192"
"2017-12-19","ALL","PER(12MF)","A014620","성광벤드","111.43","OK","193"
"2017-12-19","ALL","PER(12MF)","A014680","한솔케미칼","11.56","OK","194"
"2017-12-19","ALL","PER(12MF)","A014820","동원시스템즈","","BLANK","195"
"2017-12-19","ALL","PER(12MF)","A014830","유니드","","BLANK","196"
"2017-12-19","ALL","PER(12MF)","A015750","성우하이텍","","BLANK","197"
"2017-12-19","ALL","PER(12MF)","A015760","한국전력","6.15","OK","198"
"2017-12-19","ALL","PER(12MF)","A015860","일진홀딩스","","BLANK","199"
"2017-12-19","ALL","PER(12MF)","A016100","리더스코스메틱","328.29","OK","200"
"2017-12-19","ALL","PER(12MF)","A016250","SGC E&C","","BLANK","201"
"2017-12-19","ALL","PER(12MF)","A016360","삼성증권","11.75","OK","202"
"2017-12-19","ALL","PER(12MF)","A016450","한세예스24홀딩스","14.45","OK","203"
"2017-12-19","ALL","PER(12MF)","A016580","환인제약","15","OK","204"
"2017-12-19","ALL","PER(12MF)","A016800","퍼시스","13.3","OK","205"
"2017-12-19","ALL","PER(12MF)","A017390","서울가스","","BLANK","206"
"2017-12-19","ALL","PER(12MF)","A017670","SK텔레콤","6.77","OK","207"
"2017-12-19","ALL","PER(12MF)","A017800","현대엘리베이터","10.25","OK","208"
"2017-12-19","ALL","PER(12MF)","A017810","풀무원","","BLANK","209"
"2017-12-19","ALL","PER(12MF)","A017940","E1","","BLANK","210"
"2017-12-19","ALL","PER(12MF)","A018000","유니슨","","BLANK","211"
"2017-12-19","ALL","PER(12MF)","A018120","진로발효","13.69","OK","212"
"2017-12-19","ALL","PER(12MF)","A018260","삼성에스디에스","26.05","OK","213"
"2017-12-19","ALL","PER(12MF)","A018670","SK가스","5.39","OK","214"
"2017-12-19","ALL","PER(12MF)","A018880","한온시스템","20.63","OK","215"
"2017-12-19","ALL","PER(12MF)","A019170","신풍제약","","BLANK","216"
"2017-12-19","ALL","PER(12MF)","A019210","와이지-원","11.71","OK","217"
"2017-12-19","ALL","PER(12MF)","A019680","대교","17.01","OK","218"
"2017-12-19","ALL","PER(12MF)","A020000","한섬","9.63","OK","219"
"2017-12-19","ALL","PER(12MF)","A020150","롯데에너지머티리얼즈","27.1","OK","220"
"2017-12-19","ALL","PER(12MF)","A020560","아시아나항공","19.74","OK","221"
"2017-12-19","ALL","PER(12MF)","A021240","코웨이","20.36","OK","222"
"2017-12-19","ALL","PER(12MF)","A022100","포스코DX","19.44","OK","223"
"2017-12-19","ALL","PER(12MF)","A023160","태광","63.53","OK","224"
"2017-12-19","ALL","PER(12MF)","A023410","유진기업","","BLANK","225"
"2017-12-19","ALL","PER(12MF)","A023530","롯데쇼핑","19.37","OK","226"
"2017-12-19","ALL","PER(12MF)","A023590","다우기술","","BLANK","227"
"2017-12-19","ALL","PER(12MF)","A024110","기업은행","6.84","OK","228"
"2017-12-19","ALL","PER(12MF)","A024720","콜마홀딩스","13.85","OK","229"
"2017-12-19","ALL","PER(12MF)","A025000","KPX케미칼","8.18","OK","230"
"2017-12-19","ALL","PER(12MF)","A025320","시노펙스","","BLANK","231"
"2017-12-19","ALL","PER(12MF)","A025540","한국단자","10.32","OK","232"
"2017-12-19","ALL","PER(12MF)","A025620","차AI헬스케어","7.88","OK","233"
"2017-12-19","ALL","PER(12MF)","A025770","한국정보통신","","BLANK","234"
"2017-12-19","ALL","PER(12MF)","A025860","남해화학","","BLANK","235"
"2017-12-19","ALL","PER(12MF)","A025900","동화기업","8.13","OK","236"
"2017-12-19","ALL","PER(12MF)","A025980","아난티","14.3","OK","237"
"2017-12-19","ALL","PER(12MF)","A026960","동서","","BLANK","238"
"2017-12-19","ALL","PER(12MF)","A027050","코리아나","","BLANK","239"
"2017-12-19","ALL","PER(12MF)","A027410","BGF","","BLANK","240"
"2017-12-19","ALL","PER(12MF)","A028050","삼성E&A","20.07","OK","241"
"2017-12-19","ALL","PER(12MF)","A028260","삼성물산","33.25","OK","242"
"2017-12-19","ALL","PER(12MF)","A028300","HLB","","BLANK","243"
"2017-12-19","ALL","PER(12MF)","A028670","팬오션","14.53","OK","244"
"2017-12-19","ALL","PER(12MF)","A029460","케이씨","","BLANK","245"
"2017-12-19","ALL","PER(12MF)","A029530","신도리코","","BLANK","246"
"2017-12-19","ALL","PER(12MF)","A029780","삼성카드","13.26","OK","247"
"2017-12-19","ALL","PER(12MF)","A030000","제일기획","17.57","OK","248"
"2017-12-19","ALL","PER(12MF)","A030190","NICE평가정보","15.11","OK","249"
"2017-12-19","ALL","PER(12MF)","A030200","KT","9.48","OK","250"
"2017-12-19","ALL","PER(12MF)","A030520","한컴","15.34","OK","251"
"2017-12-19","ALL","PER(12MF)","A030530","원익홀딩스","8.19","OK","252"
"2017-12-19","ALL","PER(12MF)","A030610","교보증권","","BLANK","253"
"2017-12-19","ALL","PER(12MF)","A031430","신세계인터내셔날","14.65","OK","254"
"2017-12-19","ALL","PER(12MF)","A031440","신세계푸드","16.97","OK","255"
"2017-12-19","ALL","PER(12MF)","A031980","피에스케이홀딩스","7.25","OK","256"
"2017-12-19","ALL","PER(12MF)","A032190","다우데이타","","BLANK","257"
"2017-12-19","ALL","PER(12MF)","A032350","롯데관광개발","","BLANK","258"
"2017-12-19","ALL","PER(12MF)","A032500","케이엠더블유","18.89","OK","259"
"2017-12-19","ALL","PER(12MF)","A032640","LG유플러스","10.34","OK","260"
"2017-12-19","ALL","PER(12MF)","A032830","삼성생명","15.33","OK","261"
"2017-12-19","ALL","PER(12MF)","A033240","자화전자","9.73","OK","262"
"2017-12-19","ALL","PER(12MF)","A033270","유나이티드제약","14.7","OK","263"
"2017-12-19","ALL","PER(12MF)","A033290","로젠","6.62","OK","264"
"2017-12-19","ALL","PER(12MF)","A033780","KT&G","13.86","OK","265"
"2017-12-19","ALL","PER(12MF)","A033920","무학","10.12","OK","266"
"2017-12-19","ALL","PER(12MF)","A034020","두산에너빌리티","11.17","OK","267"
"2017-12-19","ALL","PER(12MF)","A034120","SBS","16.36","OK","268"
"2017-12-19","ALL","PER(12MF)","A034220","LG디스플레이","10.97","OK","269"
"2017-12-19","ALL","PER(12MF)","A034230","파라다이스","41.91","OK","270"
"2017-12-19","ALL","PER(12MF)","A034310","NICE","7.4","OK","271"
"2017-12-19","ALL","PER(12MF)","A034730","SK","9.63","OK","272"
"2017-12-19","ALL","PER(12MF)","A034830","한국토지신탁","5.28","OK","273"
"2017-12-19","ALL","PER(12MF)","A034950","한국기업평가","","BLANK","274"
"2017-12-19","ALL","PER(12MF)","A035250","강원랜드","16.09","OK","275"
"2017-12-19","ALL","PER(12MF)","A035420","NAVER","27.83","OK","276"
"2017-12-19","ALL","PER(12MF)","A035600","KG이니시스","11.07","OK","277"
"2017-12-19","ALL","PER(12MF)","A035720","카카오","56.26","OK","278"
"2017-12-19","ALL","PER(12MF)","A035760","CJ ENM","10.47","OK","279"
"2017-12-19","ALL","PER(12MF)","A035810","이지홀딩스","6.42","OK","280"
"2017-12-19","ALL","PER(12MF)","A035900","JYP Ent.","22.75","OK","281"
"2017-12-19","ALL","PER(12MF)","A036190","금화피에스시","9.43","OK","282"
"2017-12-19","ALL","PER(12MF)","A036420","콘텐트리중앙","18.91","OK","283"
"2017-12-19","ALL","PER(12MF)","A036460","한국가스공사","9.81","OK","284"
"2017-12-19","ALL","PER(12MF)","A036530","SNT홀딩스","","BLANK","285"
"2017-12-19","ALL","PER(12MF)","A036540","SFA반도체","","BLANK","286"
"2017-12-19","ALL","PER(12MF)","A036570","NC","14.59","OK","287"
"2017-12-19","ALL","PER(12MF)","A036580","팜스코","8.8","OK","288"
"2017-12-19","ALL","PER(12MF)","A036630","세종텔레콤","","BLANK","289"
"2017-12-19","ALL","PER(12MF)","A036830","솔브레인홀딩스","5.65","OK","290"
"2017-12-19","ALL","PER(12MF)","A036930","주성엔지니어링","10.46","OK","291"
"2017-12-19","ALL","PER(12MF)","A037560","LG헬로비전","12.11","OK","292"
"2017-12-19","ALL","PER(12MF)","A037710","광주신세계","","BLANK","293"
"2017-12-19","ALL","PER(12MF)","A038290","마크로젠","","BLANK","294"
"2017-12-19","ALL","PER(12MF)","A038500","삼표시멘트","6.74","OK","295"
"2017-12-19","ALL","PER(12MF)","A038540","상상인","3.69","OK","296"
"2017-12-19","ALL","PER(12MF)","A039030","이오테크닉스","12.29","OK","297"
"2017-12-19","ALL","PER(12MF)","A039130","하나투어","25.1","OK","298"
"2017-12-19","ALL","PER(12MF)","A039200","오스코텍","","BLANK","299"
"2017-12-19","ALL","PER(12MF)","A039440","에스티아이","7.52","OK","300"
"2017-12-19","ALL","PER(12MF)","A039490","키움증권","8.57","OK","301"
"2017-12-19","ALL","PER(12MF)","A039840","디오","21.07","OK","302"
"2017-12-19","ALL","PER(12MF)","A040350","크레오에스지","","BLANK","303"
"2017-12-19","ALL","PER(12MF)","A041510","에스엠","23.95","OK","304"
"2017-12-19","ALL","PER(12MF)","A041830","인바디","20.44","OK","305"
"2017-12-19","ALL","PER(12MF)","A041960","코미팜","","BLANK","306"
"2017-12-19","ALL","PER(12MF)","A042000","카페24","","BLANK","307"
"2017-12-19","ALL","PER(12MF)","A042520","한스바이오메드","25.74","OK","308"
"2017-12-19","ALL","PER(12MF)","A042660","한화오션","7.6","OK","309"
"2017-12-19","ALL","PER(12MF)","A042700","한미반도체","","BLANK","310"
"2017-12-19","ALL","PER(12MF)","A043150","바텍","13.15","OK","311"
"2017-12-19","ALL","PER(12MF)","A044490","태웅","32.14","OK","312"
"2017-12-19","ALL","PER(12MF)","A044820","코스맥스비티아이","","BLANK","313"
"2017-12-19","ALL","PER(12MF)","A046210","HLB파나진","","BLANK","314"
"2017-12-19","ALL","PER(12MF)","A046890","서울반도체","19.72","OK","315"
"2017-12-19","ALL","PER(12MF)","A047040","대우건설","4.61","OK","316"
"2017-12-19","ALL","PER(12MF)","A047050","포스코인터내셔널","8.24","OK","317"
"2017-12-19","ALL","PER(12MF)","A047810","한국항공우주","28.68","OK","318"
"2017-12-19","ALL","PER(12MF)","A048530","인트론바이오","","BLANK","319"
"2017-12-19","ALL","PER(12MF)","A048550","SM C&C","16.45","OK","320"
"2017-12-19","ALL","PER(12MF)","A049950","미래컴퍼니","14.45","OK","321"
"2017-12-19","ALL","PER(12MF)","A049960","쎌바이오텍","15.26","OK","322"
"2017-12-19","ALL","PER(12MF)","A051370","인터플렉스","5.15","OK","323"
"2017-12-19","ALL","PER(12MF)","A051500","CJ프레시웨이","21.52","OK","324"
"2017-12-19","ALL","PER(12MF)","A051600","한전KPS","12.32","OK","325"
"2017-12-19","ALL","PER(12MF)","A051900","LG생활건강","28.45","OK","326"
"2017-12-19","ALL","PER(12MF)","A051910","LG화학","13.98","OK","327"
"2017-12-19","ALL","PER(12MF)","A052260","현대바이오랜드","20.24","OK","328"
"2017-12-19","ALL","PER(12MF)","A052690","한전기술","31.76","OK","329"
"2017-12-19","ALL","PER(12MF)","A052710","아모텍","12.08","OK","330"
"2017-12-19","ALL","PER(12MF)","A053030","바이넥스","","BLANK","331"
"2017-12-19","ALL","PER(12MF)","A053210","스카이라이프","9.64","OK","332"
"2017-12-19","ALL","PER(12MF)","A053800","안랩","","BLANK","333"
"2017-12-19","ALL","PER(12MF)","A054950","제이브이엠","13.5","OK","334"
"2017-12-19","ALL","PER(12MF)","A055550","신한지주","7.55","OK","335"
"2017-12-19","ALL","PER(12MF)","A056190","SFA","8.23","OK","336"
"2017-12-19","ALL","PER(12MF)","A057050","현대홈쇼핑","10.34","OK","337"
"2017-12-19","ALL","PER(12MF)","A058470","리노공업","18.16","OK","338"
"2017-12-19","ALL","PER(12MF)","A058650","세아홀딩스","","BLANK","339"
"2017-12-19","ALL","PER(12MF)","A058820","CMG제약","","BLANK","340"
"2017-12-19","ALL","PER(12MF)","A060150","인선이엔티","11.97","OK","341"
"2017-12-19","ALL","PER(12MF)","A060250","NHN KCP","16.47","OK","342"
"2017-12-19","ALL","PER(12MF)","A060280","큐렉소","","BLANK","343"
"2017-12-19","ALL","PER(12MF)","A060570","드림어스컴퍼니","","BLANK","344"
"2017-12-19","ALL","PER(12MF)","A060720","KH바텍","","BLANK","345"
"2017-12-19","ALL","PER(12MF)","A060980","HL홀딩스","8.65","OK","346"
"2017-12-19","ALL","PER(12MF)","A063080","컴투스홀딩스","12.58","OK","347"
"2017-12-19","ALL","PER(12MF)","A063570","NICE인프라","13.74","OK","348"
"2017-12-19","ALL","PER(12MF)","A064240","홈캐스트","","BLANK","349"
"2017-12-19","ALL","PER(12MF)","A064260","다날","","BLANK","350"
"2017-12-19","ALL","PER(12MF)","A064350","현대로템","21.51","OK","351"
"2017-12-19","ALL","PER(12MF)","A064760","티씨케이","15.92","OK","352"
"2017-12-19","ALL","PER(12MF)","A064960","SNT모티브","8.21","OK","353"
"2017-12-19","ALL","PER(12MF)","A065060","지엔코","","BLANK","354"
"2017-12-19","ALL","PER(12MF)","A065660","안트로젠","","BLANK","355"
"2017-12-19","ALL","PER(12MF)","A066570","LG전자","9.84","OK","356"
"2017-12-19","ALL","PER(12MF)","A066700","테라젠이텍스","","BLANK","357"
"2017-12-19","ALL","PER(12MF)","A066970","엘앤에프","31.96","OK","358"
"2017-12-19","ALL","PER(12MF)","A067080","대화제약","","BLANK","359"
"2017-12-19","ALL","PER(12MF)","A067290","JW신약","","BLANK","360"
"2017-12-19","ALL","PER(12MF)","A067390","아스트","27.54","OK","361"
"2017-12-19","ALL","PER(12MF)","A068240","다원시스","","BLANK","362"
"2017-12-19","ALL","PER(12MF)","A068270","셀트리온","45.03","OK","363"
"2017-12-19","ALL","PER(12MF)","A068760","셀트리온제약","","BLANK","364"
"2017-12-19","ALL","PER(12MF)","A069080","웹젠","17.39","OK","365"
"2017-12-19","ALL","PER(12MF)","A069260","TKG휴켐스","9.76","OK","366"
"2017-12-19","ALL","PER(12MF)","A069620","대웅제약","34.15","OK","367"
"2017-12-19","ALL","PER(12MF)","A069960","현대백화점","8.47","OK","368"
"2017-12-19","ALL","PER(12MF)","A070960","모나용평","27.1","OK","369"
"2017-12-19","ALL","PER(12MF)","A071050","한국금융지주","9.46","OK","370"
"2017-12-19","ALL","PER(12MF)","A071320","지역난방공사","7.7","OK","371"
"2017-12-19","ALL","PER(12MF)","A071840","롯데하이마트","9.46","OK","372"
"2017-12-19","ALL","PER(12MF)","A072710","농심홀딩스","","BLANK","373"
"2017-12-19","ALL","PER(12MF)","A073240","금호타이어","55.48","OK","374"
"2017-12-19","ALL","PER(12MF)","A074600","원익QnC","11.83","OK","375"
"2017-12-19","ALL","PER(12MF)","A078020","LS증권","","BLANK","376"
"2017-12-19","ALL","PER(12MF)","A078150","HB테크놀러지","","BLANK","377"
"2017-12-19","ALL","PER(12MF)","A078160","메디포스트","505.21","OK","378"
"2017-12-19","ALL","PER(12MF)","A078340","컴투스","9.83","OK","379"
"2017-12-19","ALL","PER(12MF)","A078520","에이블씨엔씨","13.48","OK","380"
"2017-12-19","ALL","PER(12MF)","A078930","GS","5.36","OK","381"
"2017-12-19","ALL","PER(12MF)","A079160","CJ CGV","32.79","OK","382"
"2017-12-19","ALL","PER(12MF)","A079430","현대리바트","10.19","OK","383"
"2017-12-19","ALL","PER(12MF)","A079550","LIG디펜스앤에어로스페이스","14.99","OK","384"
"2017-12-19","ALL","PER(12MF)","A079980","휴비스","7.28","OK","385"
"2017-12-19","ALL","PER(12MF)","A080160","모두투어","19.69","OK","386"
"2017-12-19","ALL","PER(12MF)","A080420","모다이노칩","","BLANK","387"
"2017-12-19","ALL","PER(12MF)","A081660","미스토홀딩스","10.29","OK","388"
"2017-12-19","ALL","PER(12MF)","A082270","젬백스","","BLANK","389"
"2017-12-19","ALL","PER(12MF)","A082640","동양생명","6.04","OK","390"
"2017-12-19","ALL","PER(12MF)","A082740","한화엔진","26.68","OK","391"
"2017-12-19","ALL","PER(12MF)","A082920","비츠로셀","","BLANK","392"
"2017-12-19","ALL","PER(12MF)","A083790","CG인바이츠","","BLANK","393"
"2017-12-19","ALL","PER(12MF)","A084110","휴온스글로벌","","BLANK","394"
"2017-12-19","ALL","PER(12MF)","A084370","유진테크","9.98","OK","395"
"2017-12-19","ALL","PER(12MF)","A084690","대상홀딩스","","BLANK","396"
"2017-12-19","ALL","PER(12MF)","A084990","헬릭스미스","","BLANK","397"
"2017-12-19","ALL","PER(12MF)","A085620","미래에셋생명","9.75","OK","398"
"2017-12-19","ALL","PER(12MF)","A085660","차바이오텍","30.57","OK","399"
"2017-12-19","ALL","PER(12MF)","A086280","현대글로비스","8.66","OK","400"
"2017-12-19","ALL","PER(12MF)","A086390","유니테스트","6.79","OK","401"
"2017-12-19","ALL","PER(12MF)","A086450","동국제약","11.91","OK","402"
"2017-12-19","ALL","PER(12MF)","A086520","에코프로","15.59","OK","403"
"2017-12-19","ALL","PER(12MF)","A086790","하나금융지주","7.02","OK","404"
"2017-12-19","ALL","PER(12MF)","A086900","메디톡스","28.05","OK","405"
"2017-12-19","ALL","PER(12MF)","A086980","쇼박스","29.81","OK","406"
"2017-12-19","ALL","PER(12MF)","A087010","펩트론","","BLANK","407"
"2017-12-19","ALL","PER(12MF)","A088350","한화생명","9.64","OK","408"
"2017-12-19","ALL","PER(12MF)","A089030","테크윙","8.7","OK","409"
"2017-12-19","ALL","PER(12MF)","A089590","제주항공","10.44","OK","410"
"2017-12-19","ALL","PER(12MF)","A089600","KT나스미디어","20.47","OK","411"
"2017-12-19","ALL","PER(12MF)","A090430","아모레퍼시픽","36.12","OK","412"
"2017-12-19","ALL","PER(12MF)","A090460","비에이치","7.36","OK","413"
"2017-12-19","ALL","PER(12MF)","A090470","제이스로보틱스","","BLANK","414"
"2017-12-19","ALL","PER(12MF)","A091120","이엠텍","12.47","OK","415"
"2017-12-19","ALL","PER(12MF)","A091700","파트론","16.1","OK","416"
"2017-12-19","ALL","PER(12MF)","A092040","아미코젠","","BLANK","417"
"2017-12-19","ALL","PER(12MF)","A092230","KPX홀딩스","","BLANK","418"
"2017-12-19","ALL","PER(12MF)","A092730","네오팜","19.74","OK","419"
"2017-12-19","ALL","PER(12MF)","A093050","LF","9.95","OK","420"
"2017-12-19","ALL","PER(12MF)","A093370","후성","18.73","OK","421"
"2017-12-19","ALL","PER(12MF)","A095340","ISC","9.4","OK","422"
"2017-12-19","ALL","PER(12MF)","A095570","AJ네트웍스","11.8","OK","423"
"2017-12-19","ALL","PER(12MF)","A095610","테스","11.29","OK","424"
"2017-12-19","ALL","PER(12MF)","A095660","네오위즈","27.07","OK","425"
"2017-12-19","ALL","PER(12MF)","A095700","제넥신","","BLANK","426"
"2017-12-19","ALL","PER(12MF)","A095720","웅진씽크빅","","BLANK","427"
"2017-12-19","ALL","PER(12MF)","A096530","씨젠","59.76","OK","428"
"2017-12-19","ALL","PER(12MF)","A096760","JW홀딩스","","BLANK","429"
"2017-12-19","ALL","PER(12MF)","A096770","SK이노베이션","7.76","OK","430"
"2017-12-19","ALL","PER(12MF)","A097230","HJ중공업","170.71","OK","431"
"2017-12-19","ALL","PER(12MF)","A097950","CJ제일제당","13.25","OK","432"
"2017-12-19","ALL","PER(12MF)","A098460","고영","25.37","OK","433"
"2017-12-19","ALL","PER(12MF)","A099190","아이센스","16.12","OK","434"
"2017-12-19","ALL","PER(12MF)","A100120","뷰웍스","15.13","OK","435"
"2017-12-19","ALL","PER(12MF)","A100130","동국S&C","","BLANK","436"
"2017-12-19","ALL","PER(12MF)","A101530","해태제과식품","","BLANK","437"
"2017-12-19","ALL","PER(12MF)","A102260","동성케미컬","6.96","OK","438"
"2017-12-19","ALL","PER(12MF)","A102460","이연제약","","BLANK","439"
"2017-12-19","ALL","PER(12MF)","A102710","이엔에프테크놀로지","9.14","OK","440"
"2017-12-19","ALL","PER(12MF)","A102940","코오롱생명과학","454.99","OK","441"
"2017-12-19","ALL","PER(12MF)","A103140","풍산","6.93","OK","442"
"2017-12-19","ALL","PER(12MF)","A104700","한국철강","8.18","OK","443"
"2017-12-19","ALL","PER(12MF)","A104830","원익머트리얼즈","12.59","OK","444"
"2017-12-19","ALL","PER(12MF)","A105560","KB금융","7.92","OK","445"
"2017-12-19","ALL","PER(12MF)","A105630","한세실업","14.65","OK","446"
"2017-12-19","ALL","PER(12MF)","A108230","톱텍","","BLANK","447"
"2017-12-19","ALL","PER(12MF)","A108320","LX세미콘","13.76","OK","448"
"2017-12-19","ALL","PER(12MF)","A108670","LX하우시스","8.91","OK","449"
"2017-12-19","ALL","PER(12MF)","A111770","영원무역","10.68","OK","450"
"2017-12-19","ALL","PER(12MF)","A112040","위메이드","30.3","OK","451"
"2017-12-19","ALL","PER(12MF)","A112610","씨에스윈드","10.86","OK","452"
"2017-12-19","ALL","PER(12MF)","A114090","GKL","16.63","OK","453"
"2017-12-19","ALL","PER(12MF)","A115450","HLB테라퓨틱스","","BLANK","454"
"2017-12-19","ALL","PER(12MF)","A119610","인터로조","11.74","OK","455"
"2017-12-19","ALL","PER(12MF)","A120110","코오롱인더","11.49","OK","456"
"2017-12-19","ALL","PER(12MF)","A121800","비덴트","","BLANK","457"
"2017-12-19","ALL","PER(12MF)","A122870","와이지엔터테인먼트","21.97","OK","458"
"2017-12-19","ALL","PER(12MF)","A122900","아이마켓코리아","12.5","OK","459"
"2017-12-19","ALL","PER(12MF)","A122990","와이솔","8.23","OK","460"
"2017-12-19","ALL","PER(12MF)","A123420","위메이드플레이","12.25","OK","461"
"2017-12-19","ALL","PER(12MF)","A123690","한국화장품","","BLANK","462"
"2017-12-19","ALL","PER(12MF)","A123890","한국자산신탁","5.35","OK","463"
"2017-12-19","ALL","PER(12MF)","A126560","현대퓨처넷","9.26","OK","464"
"2017-12-19","ALL","PER(12MF)","A128940","한미약품","80.41","OK","465"
"2017-12-19","ALL","PER(12MF)","A136490","선진","3.69","OK","466"
"2017-12-19","ALL","PER(12MF)","A138040","메리츠금융지주","","BLANK","467"
"2017-12-19","ALL","PER(12MF)","A138930","BNK금융지주","5.23","OK","468"
"2017-12-19","ALL","PER(12MF)","A139130","iM금융지주","5.08","OK","469"
"2017-12-19","ALL","PER(12MF)","A139480","이마트","16.01","OK","470"
"2017-12-19","ALL","PER(12MF)","A140410","메지온","","BLANK","471"
"2017-12-19","ALL","PER(12MF)","A141080","리가켐바이오","","BLANK","472"
"2017-12-19","ALL","PER(12MF)","A144510","지씨셀","","BLANK","473"
"2017-12-19","ALL","PER(12MF)","A145020","휴젤","21.2","OK","474"
"2017-12-19","ALL","PER(12MF)","A145720","덴티움","17.32","OK","475"
"2017-12-19","ALL","PER(12MF)","A145990","삼양사","11.63","OK","476"
"2017-12-19","ALL","PER(12MF)","A155650","와이엠씨","11.13","OK","477"
"2017-12-19","ALL","PER(12MF)","A160550","NEW","34.47","OK","478"
"2017-12-19","ALL","PER(12MF)","A161000","애경케미칼","6.08","OK","479"
"2017-12-19","ALL","PER(12MF)","A161390","한국타이어앤테크놀로지","8.07","OK","480"
"2017-12-19","ALL","PER(12MF)","A161890","한국콜마","25.79","OK","481"
"2017-12-19","ALL","PER(12MF)","A166090","하나머티리얼즈","9.42","OK","482"
"2017-12-19","ALL","PER(12MF)","A168330","내츄럴엔도텍","","BLANK","483"
"2017-12-19","ALL","PER(12MF)","A170900","동아에스티","27.14","OK","484"
"2017-12-19","ALL","PER(12MF)","A174900","앱클론","","BLANK","485"
"2017-12-19","ALL","PER(12MF)","A175330","JB금융지주","4.33","OK","486"
"2017-12-19","ALL","PER(12MF)","A178920","PI첨단소재","32.22","OK","487"
"2017-12-19","ALL","PER(12MF)","A180640","한진칼","6.49","OK","488"
"2017-12-19","ALL","PER(12MF)","A181710","NHN","16.91","OK","489"
"2017-12-19","ALL","PER(12MF)","A182400","엔케이젠바이오텍코리아","","BLANK","490"
"2017-12-19","ALL","PER(12MF)","A183190","아세아시멘트","6.68","OK","491"
"2017-12-19","ALL","PER(12MF)","A183490","엔지켐생명과학","","BLANK","492"
"2017-12-19","ALL","PER(12MF)","A185750","종근당","22.27","OK","493"
"2017-12-19","ALL","PER(12MF)","A191420","테고사이언스","","BLANK","494"
"2017-12-19","ALL","PER(12MF)","A192080","더블유게임즈","10.7","OK","495"
"2017-12-19","ALL","PER(12MF)","A192400","쿠쿠홀딩스","13.14","OK","496"
"2017-12-19","ALL","PER(12MF)","A192440","슈피겐코리아","7.08","OK","497"
"2017-12-19","ALL","PER(12MF)","A192820","코스맥스","28.09","OK","498"
"2017-12-19","ALL","PER(12MF)","A195870","해성디에스","10.41","OK","499"
"2017-12-19","ALL","PER(12MF)","A199800","툴젠","","BLANK","500"
"2017-12-19","ALL","PER(12MF)","A200130","콜마비앤에이치","17.96","OK","501"
"2017-12-19","ALL","PER(12MF)","A200230","텔콘RF제약","","BLANK","502"
"2017-12-19","ALL","PER(12MF)","A200670","휴메딕스","","BLANK","503"
"2017-12-19","ALL","PER(12MF)","A200880","서연이화","","BLANK","504"
"2017-12-19","ALL","PER(12MF)","A201490","미투온","","BLANK","505"
"2017-12-19","ALL","PER(12MF)","A203690","아크솔루션스","","BLANK","506"
"2017-12-19","ALL","PER(12MF)","A204320","HL만도","12.43","OK","507"
"2017-12-19","ALL","PER(12MF)","A206640","바디텍메드","32.84","OK","508"
"2017-12-19","ALL","PER(12MF)","A207940","삼성바이오로직스","369.48","OK","509"
"2017-12-19","ALL","PER(12MF)","A210980","SK디앤디","6.48","OK","510"
"2017-12-19","ALL","PER(12MF)","A213420","덕산네오룩스","22.08","OK","511"
"2017-12-19","ALL","PER(12MF)","A213500","한솔제지","5.06","OK","512"
"2017-12-19","ALL","PER(12MF)","A214180","헥토이노베이션","15.39","OK","513"
"2017-12-19","ALL","PER(12MF)","A214320","이노션","16.97","OK","514"
"2017-12-19","ALL","PER(12MF)","A214370","케어젠","17.3","OK","515"
"2017-12-19","ALL","PER(12MF)","A214390","경보제약","10.82","OK","516"
"2017-12-19","ALL","PER(12MF)","A214420","토니모리","35.77","OK","517"
"2017-12-19","ALL","PER(12MF)","A214450","파마리서치","20.9","OK","518"
"2017-12-19","ALL","PER(12MF)","A215000","골프존","","BLANK","519"
"2017-12-19","ALL","PER(12MF)","A215360","우리산업","17.74","OK","520"
"2017-12-19","ALL","PER(12MF)","A215600","신라젠","","BLANK","521"
"2017-12-19","ALL","PER(12MF)","A217270","넵튠","","BLANK","522"
"2017-12-19","ALL","PER(12MF)","A217480","에스디생명공학","14.85","OK","523"
"2017-12-19","ALL","PER(12MF)","A218410","RFHIC","16.89","OK","524"
"2017-12-19","ALL","PER(12MF)","A222040","코스맥스엔비티","22.7","OK","525"
"2017-12-19","ALL","PER(12MF)","A225570","넥슨게임즈","9.6","OK","526"
"2017-12-19","ALL","PER(12MF)","A226320","잇츠한불","21.77","OK","527"
"2017-12-19","ALL","PER(12MF)","A228850","레이언스","13.85","OK","528"
"2017-12-19","ALL","PER(12MF)","A232140","와이씨","12.6","OK","529"
"2017-12-19","ALL","PER(12MF)","A234080","JW생명과학","14.7","OK","530"
"2017-12-19","ALL","PER(12MF)","A237690","에스티팜","12.88","OK","531"
"2017-12-19","ALL","PER(12MF)","A237880","클리오","33.2","OK","532"
"2017-12-19","ALL","PER(12MF)","A240810","원익IPS","11.26","OK","533"
"2017-12-19","ALL","PER(12MF)","A241560","두산밥캣","13.64","OK","534"
"2017-12-19","ALL","PER(12MF)","A241590","화승엔터프라이즈","9.48","OK","535"
"2017-12-19","ALL","PER(12MF)","A241710","코스메카코리아","21.24","OK","536"
"2017-12-19","ALL","PER(12MF)","A241770","메카로","8.58","OK","537"
"2017-12-19","ALL","PER(12MF)","A243070","휴온스","18.83","OK","538"
"2017-12-19","ALL","PER(12MF)","A249420","일동제약","16.58","OK","539"
"2017-12-19","ALL","PER(12MF)","A251270","넷마블","21.93","OK","540"
"2017-12-19","ALL","PER(12MF)","A251370","와이엠티","12.9","OK","541"
"2017-12-19","ALL","PER(12MF)","A251630","브이원텍","12.83","OK","542"
"2017-12-19","ALL","PER(12MF)","A253450","스튜디오드래곤","","BLANK","543"
"2017-12-19","ALL","PER(12MF)","A255440","야스","6.69","OK","544"
"2017-12-19","ALL","PER(12MF)","A260930","씨티케이","","BLANK","545"
"2017-12-19","ALL","PER(12MF)","A263750","펄어비스","","BLANK","546"
"2017-12-19","ALL","PER(12MF)","A265520","AP시스템","6.17","OK","547"
"2017-12-19","ALL","PER(12MF)","A267250","HD현대","3.48","OK","548"
"2017-12-19","ALL","PER(12MF)","A267260","HD현대일렉트릭","6.65","OK","549"
"2017-12-19","ALL","PER(12MF)","A267270","HD건설기계","6.59","OK","550"
"2017-12-19","ALL","PER(12MF)","A267980","매일유업","5.68","OK","551"
"2017-12-19","ALL","PER(12MF)","A268280","미원에스씨","","BLANK","552"
"2017-12-19","ALL","PER(12MF)","A271560","오리온","12.33","OK","553"
"2017-12-19","ALL","PER(12MF)","A271980","제일약품","","BLANK","554"
"2017-12-19","ALL","PER(12MF)","A272290","이녹스첨단소재","8.3","OK","555"
"2017-12-19","ALL","PER(12MF)","A272450","진에어","8.5","OK","556"
"2017-12-19","ALL","PER(12MF)","A272550","삼양패키징","8.57","OK","557"
"2017-12-19","ALL","PER(12MF)","A280360","롯데웰푸드","1.79","OK","558"
"2017-12-19","ALL","PER(12MF)","A281820","케이씨텍","","BLANK","559"
"2017-12-19","ALL","PER(12MF)","A282330","BGF리테일","","BLANK","560"
"2017-12-19","ALL","PER(12MF)","A900100","파이온엑스","","BLANK","561"
"2017-12-19","ALL","PER(12MF)","A950160","코오롱티슈진","","BLANK","562"
