Date,Universe,Factor,StockCode,StockName,FactorValue,ValueStatus,SourceRow
"2020-07-23","ALL","PER(12MF)","A000020","동화약품","36.44","OK","14"
"2020-07-23","ALL","PER(12MF)","A000050","경방","","BLANK","15"
"2020-07-23","ALL","PER(12MF)","A000070","삼양홀딩스","","BLANK","16"
"2020-07-23","ALL","PER(12MF)","A000080","하이트진로","26.32","OK","17"
"2020-07-23","ALL","PER(12MF)","A000100","유한양행","29.95","OK","18"
"2020-07-23","ALL","PER(12MF)","A000120","CJ대한통운","30.72","OK","19"
"2020-07-23","ALL","PER(12MF)","A000140","하이트진로홀딩스","","BLANK","20"
"2020-07-23","ALL","PER(12MF)","A000150","두산","172.08","OK","21"
"2020-07-23","ALL","PER(12MF)","A000210","DL","4.08","OK","22"
"2020-07-23","ALL","PER(12MF)","A000240","한국앤컴퍼니","7.95","OK","23"
"2020-07-23","ALL","PER(12MF)","A000250","삼천당제약","84.21","OK","24"
"2020-07-23","ALL","PER(12MF)","A000270","기아","8.32","OK","25"
"2020-07-23","ALL","PER(12MF)","A000370","한화손해보험","3.18","OK","26"
"2020-07-23","ALL","PER(12MF)","A000400","롯데손해보험","4.6","OK","27"
"2020-07-23","ALL","PER(12MF)","A000480","CR홀딩스","","BLANK","28"
"2020-07-23","ALL","PER(12MF)","A000640","동아쏘시오홀딩스","17.15","OK","29"
"2020-07-23","ALL","PER(12MF)","A000660","SK하이닉스","8.96","OK","30"
"2020-07-23","ALL","PER(12MF)","A000670","영풍","","BLANK","31"
"2020-07-23","ALL","PER(12MF)","A000720","현대건설","7.44","OK","32"
"2020-07-23","ALL","PER(12MF)","A000810","삼성화재","11.5","OK","33"
"2020-07-23","ALL","PER(12MF)","A000880","한화","7.14","OK","34"
"2020-07-23","ALL","PER(12MF)","A000990","DB하이텍","7.73","OK","35"
"2020-07-23","ALL","PER(12MF)","A001040","CJ","8.66","OK","36"
"2020-07-23","ALL","PER(12MF)","A001060","JW중외제약","","BLANK","37"
"2020-07-23","ALL","PER(12MF)","A001120","LX인터내셔널","3.46","OK","38"
"2020-07-23","ALL","PER(12MF)","A001130","대한제분","","BLANK","39"
"2020-07-23","ALL","PER(12MF)","A001200","유진투자증권","","BLANK","40"
"2020-07-23","ALL","PER(12MF)","A001230","동국홀딩스","","BLANK","41"
"2020-07-23","ALL","PER(12MF)","A001430","세아베스틸지주","10.53","OK","42"
"2020-07-23","ALL","PER(12MF)","A001440","대한전선","","BLANK","43"
"2020-07-23","ALL","PER(12MF)","A001450","현대해상","6.02","OK","44"
"2020-07-23","ALL","PER(12MF)","A001500","현대차증권","4.94","OK","45"
"2020-07-23","ALL","PER(12MF)","A001510","SK증권","","BLANK","46"
"2020-07-23","ALL","PER(12MF)","A001520","동양","","BLANK","47"
"2020-07-23","ALL","PER(12MF)","A001630","종근당홀딩스","8.75","OK","48"
"2020-07-23","ALL","PER(12MF)","A001680","대상","8.16","OK","49"
"2020-07-23","ALL","PER(12MF)","A001720","신영증권","","BLANK","50"
"2020-07-23","ALL","PER(12MF)","A001740","SK네트웍스","10.76","OK","51"
"2020-07-23","ALL","PER(12MF)","A001800","오리온홀딩스","","BLANK","52"
"2020-07-23","ALL","PER(12MF)","A001820","삼화콘덴서","19.17","OK","53"
"2020-07-23","ALL","PER(12MF)","A002100","경농","","BLANK","54"
"2020-07-23","ALL","PER(12MF)","A002150","도화엔지니어링","8.26","OK","55"
"2020-07-23","ALL","PER(12MF)","A002210","동성제약","","BLANK","56"
"2020-07-23","ALL","PER(12MF)","A002240","고려제강","","BLANK","57"
"2020-07-23","ALL","PER(12MF)","A002320","한진","9.23","OK","58"
"2020-07-23","ALL","PER(12MF)","A002350","넥센타이어","5.91","OK","59"
"2020-07-23","ALL","PER(12MF)","A002380","KCC","","BLANK","60"
"2020-07-23","ALL","PER(12MF)","A002390","한독","21.29","OK","61"
"2020-07-23","ALL","PER(12MF)","A002620","제일파마홀딩스","","BLANK","62"
"2020-07-23","ALL","PER(12MF)","A002780","진흥기업","","BLANK","63"
"2020-07-23","ALL","PER(12MF)","A002790","아모레퍼시픽홀딩스","36.56","OK","64"
"2020-07-23","ALL","PER(12MF)","A002840","미원상사","","BLANK","65"
"2020-07-23","ALL","PER(12MF)","A002960","한국쉘석유","","BLANK","66"
"2020-07-23","ALL","PER(12MF)","A003000","부광약품","369.89","OK","67"
"2020-07-23","ALL","PER(12MF)","A003060","에이프로젠바이오로직스","","BLANK","68"
"2020-07-23","ALL","PER(12MF)","A003070","코오롱글로벌","3.31","OK","69"
"2020-07-23","ALL","PER(12MF)","A003090","대웅","20.57","OK","70"
"2020-07-23","ALL","PER(12MF)","A003220","대원제약","16.59","OK","71"
"2020-07-23","ALL","PER(12MF)","A003230","삼양식품","11.24","OK","72"
"2020-07-23","ALL","PER(12MF)","A003240","태광산업","","BLANK","73"
"2020-07-23","ALL","PER(12MF)","A003300","한일홀딩스","","BLANK","74"
"2020-07-23","ALL","PER(12MF)","A003380","하림지주","10.47","OK","75"
"2020-07-23","ALL","PER(12MF)","A003470","유안타증권","","BLANK","76"
"2020-07-23","ALL","PER(12MF)","A003490","대한항공","","BLANK","77"
"2020-07-23","ALL","PER(12MF)","A003520","영진약품","","BLANK","78"
"2020-07-23","ALL","PER(12MF)","A003530","한화투자증권","","BLANK","79"
"2020-07-23","ALL","PER(12MF)","A003540","대신증권","8.34","OK","80"
"2020-07-23","ALL","PER(12MF)","A003550","LG","7.56","OK","81"
"2020-07-23","ALL","PER(12MF)","A003620","KG모빌리티","","BLANK","82"
"2020-07-23","ALL","PER(12MF)","A003670","포스코퓨처엠","48.54","OK","83"
"2020-07-23","ALL","PER(12MF)","A003690","코리안리","4.92","OK","84"
"2020-07-23","ALL","PER(12MF)","A003800","에이스침대","","BLANK","85"
"2020-07-23","ALL","PER(12MF)","A003850","보령","21.46","OK","86"
"2020-07-23","ALL","PER(12MF)","A004000","롯데정밀화학","6.36","OK","87"
"2020-07-23","ALL","PER(12MF)","A004020","현대제철","52.13","OK","88"
"2020-07-23","ALL","PER(12MF)","A004170","신세계","9.96","OK","89"
"2020-07-23","ALL","PER(12MF)","A004370","농심","17.33","OK","90"
"2020-07-23","ALL","PER(12MF)","A004430","송원산업","6.08","OK","91"
"2020-07-23","ALL","PER(12MF)","A004490","세방전지","","BLANK","92"
"2020-07-23","ALL","PER(12MF)","A004690","삼천리","8.38","OK","93"
"2020-07-23","ALL","PER(12MF)","A004700","조광피혁","","BLANK","94"
"2020-07-23","ALL","PER(12MF)","A004710","한솔테크닉스","10.03","OK","95"
"2020-07-23","ALL","PER(12MF)","A004800","효성","7.82","OK","96"
"2020-07-23","ALL","PER(12MF)","A004990","롯데지주","61.62","OK","97"
"2020-07-23","ALL","PER(12MF)","A005070","코스모신소재","26.41","OK","98"
"2020-07-23","ALL","PER(12MF)","A005180","빙그레","13.63","OK","99"
"2020-07-23","ALL","PER(12MF)","A005250","녹십자홀딩스","","BLANK","100"
"2020-07-23","ALL","PER(12MF)","A005290","동진쎄미켐","","BLANK","101"
"2020-07-23","ALL","PER(12MF)","A005300","롯데칠성","21.99","OK","102"
"2020-07-23","ALL","PER(12MF)","A005380","현대차","10.31","OK","103"
"2020-07-23","ALL","PER(12MF)","A005440","현대지에프홀딩스","4.88","OK","104"
"2020-07-23","ALL","PER(12MF)","A005490","POSCO홀딩스","11.19","OK","105"
"2020-07-23","ALL","PER(12MF)","A005500","삼진제약","","BLANK","106"
"2020-07-23","ALL","PER(12MF)","A005610","삼립","15.3","OK","107"
"2020-07-23","ALL","PER(12MF)","A005690","파미셀","","BLANK","108"
"2020-07-23","ALL","PER(12MF)","A005830","DB손해보험","6.98","OK","109"
"2020-07-23","ALL","PER(12MF)","A005850","에스엘","6.28","OK","110"
"2020-07-23","ALL","PER(12MF)","A005880","대한해운","5.33","OK","111"
"2020-07-23","ALL","PER(12MF)","A005930","삼성전자","12.14","OK","112"
"2020-07-23","ALL","PER(12MF)","A005940","NH투자증권","6.24","OK","113"
"2020-07-23","ALL","PER(12MF)","A006040","동원산업","5.54","OK","114"
"2020-07-23","ALL","PER(12MF)","A006060","화승인더","","BLANK","115"
"2020-07-23","ALL","PER(12MF)","A006120","SK디스커버리","","BLANK","116"
"2020-07-23","ALL","PER(12MF)","A006260","LS","9.62","OK","117"
"2020-07-23","ALL","PER(12MF)","A006280","녹십자","60.97","OK","118"
"2020-07-23","ALL","PER(12MF)","A006360","GS건설","4.37","OK","119"
"2020-07-23","ALL","PER(12MF)","A006400","삼성SDI","37.18","OK","120"
"2020-07-23","ALL","PER(12MF)","A006650","대한유화","6.61","OK","121"
"2020-07-23","ALL","PER(12MF)","A006730","서부T&D","","BLANK","122"
"2020-07-23","ALL","PER(12MF)","A006800","미래에셋증권","10.22","OK","123"
"2020-07-23","ALL","PER(12MF)","A006840","AK홀딩스","","BLANK","124"
"2020-07-23","ALL","PER(12MF)","A007070","GS리테일","10.07","OK","125"
"2020-07-23","ALL","PER(12MF)","A007310","오뚜기","14.91","OK","126"
"2020-07-23","ALL","PER(12MF)","A007390","네이처셀","","BLANK","127"
"2020-07-23","ALL","PER(12MF)","A007460","에이프로젠","","BLANK","128"
"2020-07-23","ALL","PER(12MF)","A007570","일양약품","","BLANK","129"
"2020-07-23","ALL","PER(12MF)","A007700","F&F홀딩스","5.17","OK","130"
"2020-07-23","ALL","PER(12MF)","A007810","코리아써키트","14.64","OK","131"
"2020-07-23","ALL","PER(12MF)","A008350","남선알미늄","","BLANK","132"
"2020-07-23","ALL","PER(12MF)","A008490","서흥","13.98","OK","133"
"2020-07-23","ALL","PER(12MF)","A008730","율촌화학","","BLANK","134"
"2020-07-23","ALL","PER(12MF)","A008770","호텔신라","76.07","OK","135"
"2020-07-23","ALL","PER(12MF)","A008930","한미사이언스","","BLANK","136"
"2020-07-23","ALL","PER(12MF)","A009150","삼성전기","20.18","OK","137"
"2020-07-23","ALL","PER(12MF)","A009240","한샘","31.65","OK","138"
"2020-07-23","ALL","PER(12MF)","A009290","광동제약","","BLANK","139"
"2020-07-23","ALL","PER(12MF)","A009410","태영건설","1.16","OK","140"
"2020-07-23","ALL","PER(12MF)","A009420","한올바이오파마","80.4","OK","141"
"2020-07-23","ALL","PER(12MF)","A009450","경동나비엔","11.67","OK","142"
"2020-07-23","ALL","PER(12MF)","A009540","HD한국조선해양","31.01","OK","143"
"2020-07-23","ALL","PER(12MF)","A009680","모토닉","","BLANK","144"
"2020-07-23","ALL","PER(12MF)","A009830","한화솔루션","15.84","OK","145"
"2020-07-23","ALL","PER(12MF)","A009970","영원무역홀딩스","","BLANK","146"
"2020-07-23","ALL","PER(12MF)","A010060","OCI홀딩스","338.98","OK","147"
"2020-07-23","ALL","PER(12MF)","A010120","LS ELECTRIC","14.74","OK","148"
"2020-07-23","ALL","PER(12MF)","A010130","고려아연","12.01","OK","149"
"2020-07-23","ALL","PER(12MF)","A010140","삼성중공업","","BLANK","150"
"2020-07-23","ALL","PER(12MF)","A010170","대한광통신","","BLANK","151"
"2020-07-23","ALL","PER(12MF)","A010780","아이에스동서","9.63","OK","152"
"2020-07-23","ALL","PER(12MF)","A010950","S-Oil","40.15","OK","153"
"2020-07-23","ALL","PER(12MF)","A011000","진원생명과학","","BLANK","154"
"2020-07-23","ALL","PER(12MF)","A011040","경동제약","","BLANK","155"
"2020-07-23","ALL","PER(12MF)","A011070","LG이노텍","9.86","OK","156"
"2020-07-23","ALL","PER(12MF)","A011170","롯데케미칼","10.71","OK","157"
"2020-07-23","ALL","PER(12MF)","A011200","HMM","","BLANK","158"
"2020-07-23","ALL","PER(12MF)","A011210","현대위아","9.86","OK","159"
"2020-07-23","ALL","PER(12MF)","A011780","금호석유화학","7.53","OK","160"
"2020-07-23","ALL","PER(12MF)","A011790","SKC","16.73","OK","161"
"2020-07-23","ALL","PER(12MF)","A011930","신성이엔지","18.73","OK","162"
"2020-07-23","ALL","PER(12MF)","A012330","현대모비스","8.92","OK","163"
"2020-07-23","ALL","PER(12MF)","A012450","한화에어로스페이스","9.94","OK","164"
"2020-07-23","ALL","PER(12MF)","A012510","더존비즈온","55.03","OK","165"
"2020-07-23","ALL","PER(12MF)","A012610","경인양행","","BLANK","166"
"2020-07-23","ALL","PER(12MF)","A012630","HDC","1.96","OK","167"
"2020-07-23","ALL","PER(12MF)","A012750","에스원","20.02","OK","168"
"2020-07-23","ALL","PER(12MF)","A012790","신일제약","","BLANK","169"
"2020-07-23","ALL","PER(12MF)","A013120","동원개발","","BLANK","170"
"2020-07-23","ALL","PER(12MF)","A013890","지누스","11.17","OK","171"
"2020-07-23","ALL","PER(12MF)","A014680","한솔케미칼","14.96","OK","172"
"2020-07-23","ALL","PER(12MF)","A014820","동원시스템즈","10.07","OK","173"
"2020-07-23","ALL","PER(12MF)","A014830","유니드","5.56","OK","174"
"2020-07-23","ALL","PER(12MF)","A015760","한국전력","9.85","OK","175"
"2020-07-23","ALL","PER(12MF)","A016360","삼성증권","6.93","OK","176"
"2020-07-23","ALL","PER(12MF)","A016380","KG스틸","","BLANK","177"
"2020-07-23","ALL","PER(12MF)","A016580","환인제약","","BLANK","178"
"2020-07-23","ALL","PER(12MF)","A016800","퍼시스","","BLANK","179"
"2020-07-23","ALL","PER(12MF)","A017390","서울가스","","BLANK","180"
"2020-07-23","ALL","PER(12MF)","A017670","SK텔레콤","8.47","OK","181"
"2020-07-23","ALL","PER(12MF)","A017800","현대엘리베이터","19.08","OK","182"
"2020-07-23","ALL","PER(12MF)","A017810","풀무원","22.19","OK","183"
"2020-07-23","ALL","PER(12MF)","A017890","한국알콜","9.85","OK","184"
"2020-07-23","ALL","PER(12MF)","A017960","한국카본","10.25","OK","185"
"2020-07-23","ALL","PER(12MF)","A018250","애경산업","15.91","OK","186"
"2020-07-23","ALL","PER(12MF)","A018260","삼성에스디에스","19.85","OK","187"
"2020-07-23","ALL","PER(12MF)","A018290","브이티","11.87","OK","188"
"2020-07-23","ALL","PER(12MF)","A018670","SK가스","4.27","OK","189"
"2020-07-23","ALL","PER(12MF)","A018880","한온시스템","21","OK","190"
"2020-07-23","ALL","PER(12MF)","A019170","신풍제약","","BLANK","191"
"2020-07-23","ALL","PER(12MF)","A019680","대교","40.42","OK","192"
"2020-07-23","ALL","PER(12MF)","A020000","한섬","8.71","OK","193"
"2020-07-23","ALL","PER(12MF)","A020150","롯데에너지머티리얼즈","32.29","OK","194"
"2020-07-23","ALL","PER(12MF)","A020560","아시아나항공","","BLANK","195"
"2020-07-23","ALL","PER(12MF)","A021240","코웨이","13.32","OK","196"
"2020-07-23","ALL","PER(12MF)","A022100","포스코DX","13.48","OK","197"
"2020-07-23","ALL","PER(12MF)","A023410","유진기업","4.63","OK","198"
"2020-07-23","ALL","PER(12MF)","A023530","롯데쇼핑","14.76","OK","199"
"2020-07-23","ALL","PER(12MF)","A023590","다우기술","4.22","OK","200"
"2020-07-23","ALL","PER(12MF)","A023900","풍국주정","","BLANK","201"
"2020-07-23","ALL","PER(12MF)","A024110","기업은행","4.25","OK","202"
"2020-07-23","ALL","PER(12MF)","A024720","콜마홀딩스","","BLANK","203"
"2020-07-23","ALL","PER(12MF)","A025320","시노펙스","","BLANK","204"
"2020-07-23","ALL","PER(12MF)","A025540","한국단자","","BLANK","205"
"2020-07-23","ALL","PER(12MF)","A025770","한국정보통신","","BLANK","206"
"2020-07-23","ALL","PER(12MF)","A025860","남해화학","","BLANK","207"
"2020-07-23","ALL","PER(12MF)","A025900","동화기업","36.71","OK","208"
"2020-07-23","ALL","PER(12MF)","A025980","아난티","","BLANK","209"
"2020-07-23","ALL","PER(12MF)","A026890","스틱인베스트먼트","","BLANK","210"
"2020-07-23","ALL","PER(12MF)","A026960","동서","","BLANK","211"
"2020-07-23","ALL","PER(12MF)","A027410","BGF","19.93","OK","212"
"2020-07-23","ALL","PER(12MF)","A028050","삼성E&A","7.89","OK","213"
"2020-07-23","ALL","PER(12MF)","A028260","삼성물산","16.52","OK","214"
"2020-07-23","ALL","PER(12MF)","A028300","HLB","","BLANK","215"
"2020-07-23","ALL","PER(12MF)","A028670","팬오션","11.01","OK","216"
"2020-07-23","ALL","PER(12MF)","A029460","케이씨","","BLANK","217"
"2020-07-23","ALL","PER(12MF)","A029780","삼성카드","8.8","OK","218"
"2020-07-23","ALL","PER(12MF)","A030000","제일기획","13.26","OK","219"
"2020-07-23","ALL","PER(12MF)","A030190","NICE평가정보","25.45","OK","220"
"2020-07-23","ALL","PER(12MF)","A030200","KT","7.75","OK","221"
"2020-07-23","ALL","PER(12MF)","A030520","한컴","14.41","OK","222"
"2020-07-23","ALL","PER(12MF)","A030530","원익홀딩스","","BLANK","223"
"2020-07-23","ALL","PER(12MF)","A030610","교보증권","","BLANK","224"
"2020-07-23","ALL","PER(12MF)","A031430","신세계인터내셔날","13.79","OK","225"
"2020-07-23","ALL","PER(12MF)","A032190","다우데이타","","BLANK","226"
"2020-07-23","ALL","PER(12MF)","A032350","롯데관광개발","","BLANK","227"
"2020-07-23","ALL","PER(12MF)","A032500","케이엠더블유","16.57","OK","228"
"2020-07-23","ALL","PER(12MF)","A032620","GC메디아이","","BLANK","229"
"2020-07-23","ALL","PER(12MF)","A032640","LG유플러스","8.29","OK","230"
"2020-07-23","ALL","PER(12MF)","A032830","삼성생명","8.88","OK","231"
"2020-07-23","ALL","PER(12MF)","A033270","유나이티드제약","15.16","OK","232"
"2020-07-23","ALL","PER(12MF)","A033290","로젠","6.56","OK","233"
"2020-07-23","ALL","PER(12MF)","A033500","동성화인텍","10.1","OK","234"
"2020-07-23","ALL","PER(12MF)","A033640","네패스","22.52","OK","235"
"2020-07-23","ALL","PER(12MF)","A033780","KT&G","9.78","OK","236"
"2020-07-23","ALL","PER(12MF)","A034020","두산에너빌리티","","BLANK","237"
"2020-07-23","ALL","PER(12MF)","A034120","SBS","14.08","OK","238"
"2020-07-23","ALL","PER(12MF)","A034220","LG디스플레이","","BLANK","239"
"2020-07-23","ALL","PER(12MF)","A034230","파라다이스","","BLANK","240"
"2020-07-23","ALL","PER(12MF)","A034310","NICE","10.94","OK","241"
"2020-07-23","ALL","PER(12MF)","A034730","SK","15.63","OK","242"
"2020-07-23","ALL","PER(12MF)","A034830","한국토지신탁","3.97","OK","243"
"2020-07-23","ALL","PER(12MF)","A034950","한국기업평가","","BLANK","244"
"2020-07-23","ALL","PER(12MF)","A035250","강원랜드","32.74","OK","245"
"2020-07-23","ALL","PER(12MF)","A035420","NAVER","45.16","OK","246"
"2020-07-23","ALL","PER(12MF)","A035600","KG이니시스","9.53","OK","247"
"2020-07-23","ALL","PER(12MF)","A035720","카카오","67.22","OK","248"
"2020-07-23","ALL","PER(12MF)","A035760","CJ ENM","15.36","OK","249"
"2020-07-23","ALL","PER(12MF)","A035810","이지홀딩스","13.56","OK","250"
"2020-07-23","ALL","PER(12MF)","A035900","JYP Ent.","31.43","OK","251"
"2020-07-23","ALL","PER(12MF)","A036220","오상헬스케어","","BLANK","252"
"2020-07-23","ALL","PER(12MF)","A036420","콘텐트리중앙","32.44","OK","253"
"2020-07-23","ALL","PER(12MF)","A036460","한국가스공사","6.97","OK","254"
"2020-07-23","ALL","PER(12MF)","A036530","SNT홀딩스","","BLANK","255"
"2020-07-23","ALL","PER(12MF)","A036540","SFA반도체","17.01","OK","256"
"2020-07-23","ALL","PER(12MF)","A036570","NC","17.89","OK","257"
"2020-07-23","ALL","PER(12MF)","A036810","에프에스티","","BLANK","258"
"2020-07-23","ALL","PER(12MF)","A036830","솔브레인홀딩스","3.74","OK","259"
"2020-07-23","ALL","PER(12MF)","A036930","주성엔지니어링","13.21","OK","260"
"2020-07-23","ALL","PER(12MF)","A037560","LG헬로비전","9.92","OK","261"
"2020-07-23","ALL","PER(12MF)","A038290","마크로젠","","BLANK","262"
"2020-07-23","ALL","PER(12MF)","A038500","삼표시멘트","14.15","OK","263"
"2020-07-23","ALL","PER(12MF)","A038540","상상인","","BLANK","264"
"2020-07-23","ALL","PER(12MF)","A039030","이오테크닉스","24.96","OK","265"
"2020-07-23","ALL","PER(12MF)","A039130","하나투어","","BLANK","266"
"2020-07-23","ALL","PER(12MF)","A039200","오스코텍","","BLANK","267"
"2020-07-23","ALL","PER(12MF)","A039440","에스티아이","7.63","OK","268"
"2020-07-23","ALL","PER(12MF)","A039490","키움증권","6.71","OK","269"
"2020-07-23","ALL","PER(12MF)","A039560","다산네트웍스","18.25","OK","270"
"2020-07-23","ALL","PER(12MF)","A039840","디오","15.03","OK","271"
"2020-07-23","ALL","PER(12MF)","A039860","나노엔텍","","BLANK","272"
"2020-07-23","ALL","PER(12MF)","A040350","크레오에스지","","BLANK","273"
"2020-07-23","ALL","PER(12MF)","A040910","아이씨디","5.75","OK","274"
"2020-07-23","ALL","PER(12MF)","A041510","에스엠","34.66","OK","275"
"2020-07-23","ALL","PER(12MF)","A041960","코미팜","","BLANK","276"
"2020-07-23","ALL","PER(12MF)","A042000","카페24","70.22","OK","277"
"2020-07-23","ALL","PER(12MF)","A042660","한화오션","10.95","OK","278"
"2020-07-23","ALL","PER(12MF)","A042700","한미반도체","","BLANK","279"
"2020-07-23","ALL","PER(12MF)","A043150","바텍","7.89","OK","280"
"2020-07-23","ALL","PER(12MF)","A044340","위닉스","","BLANK","281"
"2020-07-23","ALL","PER(12MF)","A045390","대아티아이","","BLANK","282"
"2020-07-23","ALL","PER(12MF)","A045970","코아시아","","BLANK","283"
"2020-07-23","ALL","PER(12MF)","A046440","KG파이낸셜","11.76","OK","284"
"2020-07-23","ALL","PER(12MF)","A046890","서울반도체","20.38","OK","285"
"2020-07-23","ALL","PER(12MF)","A047040","대우건설","4.37","OK","286"
"2020-07-23","ALL","PER(12MF)","A047050","포스코인터내셔널","6.43","OK","287"
"2020-07-23","ALL","PER(12MF)","A047310","파워로직스","","BLANK","288"
"2020-07-23","ALL","PER(12MF)","A047810","한국항공우주","13.42","OK","289"
"2020-07-23","ALL","PER(12MF)","A048410","현대바이오","","BLANK","290"
"2020-07-23","ALL","PER(12MF)","A048530","인트론바이오","","BLANK","291"
"2020-07-23","ALL","PER(12MF)","A050890","쏠리드","22.21","OK","292"
"2020-07-23","ALL","PER(12MF)","A051370","인터플렉스","19.08","OK","293"
"2020-07-23","ALL","PER(12MF)","A051600","한전KPS","8.69","OK","294"
"2020-07-23","ALL","PER(12MF)","A051900","LG생활건강","27.61","OK","295"
"2020-07-23","ALL","PER(12MF)","A051910","LG화학","35.41","OK","296"
"2020-07-23","ALL","PER(12MF)","A052020","에스티큐브","","BLANK","297"
"2020-07-23","ALL","PER(12MF)","A052260","현대바이오랜드","","BLANK","298"
"2020-07-23","ALL","PER(12MF)","A052690","한전기술","24.85","OK","299"
"2020-07-23","ALL","PER(12MF)","A052710","아모텍","24.82","OK","300"
"2020-07-23","ALL","PER(12MF)","A053030","바이넥스","46.76","OK","301"
"2020-07-23","ALL","PER(12MF)","A053210","스카이라이프","6.48","OK","302"
"2020-07-23","ALL","PER(12MF)","A053580","웹케시","30.67","OK","303"
"2020-07-23","ALL","PER(12MF)","A053800","안랩","","BLANK","304"
"2020-07-23","ALL","PER(12MF)","A054780","키이스트","","BLANK","305"
"2020-07-23","ALL","PER(12MF)","A055550","신한지주","4.78","OK","306"
"2020-07-23","ALL","PER(12MF)","A056190","SFA","7.04","OK","307"
"2020-07-23","ALL","PER(12MF)","A057050","현대홈쇼핑","5.16","OK","308"
"2020-07-23","ALL","PER(12MF)","A058470","리노공업","27.59","OK","309"
"2020-07-23","ALL","PER(12MF)","A058650","세아홀딩스","","BLANK","310"
"2020-07-23","ALL","PER(12MF)","A058820","CMG제약","","BLANK","311"
"2020-07-23","ALL","PER(12MF)","A059090","미코","","BLANK","312"
"2020-07-23","ALL","PER(12MF)","A060150","인선이엔티","10.44","OK","313"
"2020-07-23","ALL","PER(12MF)","A060250","NHN KCP","36.68","OK","314"
"2020-07-23","ALL","PER(12MF)","A060570","드림어스컴퍼니","","BLANK","315"
"2020-07-23","ALL","PER(12MF)","A060720","KH바텍","17.56","OK","316"
"2020-07-23","ALL","PER(12MF)","A060980","HL홀딩스","7.35","OK","317"
"2020-07-23","ALL","PER(12MF)","A061040","알에프텍","7.96","OK","318"
"2020-07-23","ALL","PER(12MF)","A061970","LB세미콘","12.33","OK","319"
"2020-07-23","ALL","PER(12MF)","A064260","다날","","BLANK","320"
"2020-07-23","ALL","PER(12MF)","A064350","현대로템","74.52","OK","321"
"2020-07-23","ALL","PER(12MF)","A064550","바이오니아","","BLANK","322"
"2020-07-23","ALL","PER(12MF)","A064760","티씨케이","15.31","OK","323"
"2020-07-23","ALL","PER(12MF)","A064960","SNT모티브","8.08","OK","324"
"2020-07-23","ALL","PER(12MF)","A065530","와이어블","","BLANK","325"
"2020-07-23","ALL","PER(12MF)","A065660","안트로젠","","BLANK","326"
"2020-07-23","ALL","PER(12MF)","A065680","우주일렉트로","34.19","OK","327"
"2020-07-23","ALL","PER(12MF)","A066570","LG전자","8.73","OK","328"
"2020-07-23","ALL","PER(12MF)","A066700","테라젠이텍스","","BLANK","329"
"2020-07-23","ALL","PER(12MF)","A066970","엘앤에프","60.4","OK","330"
"2020-07-23","ALL","PER(12MF)","A067000","조이시티","13.88","OK","331"
"2020-07-23","ALL","PER(12MF)","A067160","SOOP","18.45","OK","332"
"2020-07-23","ALL","PER(12MF)","A067630","HLB생명과학","","BLANK","333"
"2020-07-23","ALL","PER(12MF)","A068240","다원시스","17.18","OK","334"
"2020-07-23","ALL","PER(12MF)","A068270","셀트리온","71.42","OK","335"
"2020-07-23","ALL","PER(12MF)","A068760","셀트리온제약","","BLANK","336"
"2020-07-23","ALL","PER(12MF)","A069080","웹젠","16.92","OK","337"
"2020-07-23","ALL","PER(12MF)","A069260","TKG휴켐스","8.6","OK","338"
"2020-07-23","ALL","PER(12MF)","A069620","대웅제약","48.81","OK","339"
"2020-07-23","ALL","PER(12MF)","A069960","현대백화점","7.21","OK","340"
"2020-07-23","ALL","PER(12MF)","A071050","한국금융지주","5.36","OK","341"
"2020-07-23","ALL","PER(12MF)","A071320","지역난방공사","6.79","OK","342"
"2020-07-23","ALL","PER(12MF)","A071840","롯데하이마트","8.27","OK","343"
"2020-07-23","ALL","PER(12MF)","A072710","농심홀딩스","","BLANK","344"
"2020-07-23","ALL","PER(12MF)","A073240","금호타이어","","BLANK","345"
"2020-07-23","ALL","PER(12MF)","A073490","LIG아큐버","14.15","OK","346"
"2020-07-23","ALL","PER(12MF)","A074600","원익QnC","9.77","OK","347"
"2020-07-23","ALL","PER(12MF)","A077500","유니퀘스트","5.87","OK","348"
"2020-07-23","ALL","PER(12MF)","A078020","LS증권","5.86","OK","349"
"2020-07-23","ALL","PER(12MF)","A078070","유비쿼스홀딩스","","BLANK","350"
"2020-07-23","ALL","PER(12MF)","A078130","국일제지","","BLANK","351"
"2020-07-23","ALL","PER(12MF)","A078160","메디포스트","135.03","OK","352"
"2020-07-23","ALL","PER(12MF)","A078340","컴투스","10.75","OK","353"
"2020-07-23","ALL","PER(12MF)","A078590","휴림에이텍","","BLANK","354"
"2020-07-23","ALL","PER(12MF)","A078600","대주전자재료","89.16","OK","355"
"2020-07-23","ALL","PER(12MF)","A078930","GS","5.87","OK","356"
"2020-07-23","ALL","PER(12MF)","A079160","CJ CGV","","BLANK","357"
"2020-07-23","ALL","PER(12MF)","A079430","현대리바트","9.65","OK","358"
"2020-07-23","ALL","PER(12MF)","A079550","LIG디펜스앤에어로스페이스","13.47","OK","359"
"2020-07-23","ALL","PER(12MF)","A081000","일진다이아","","BLANK","360"
"2020-07-23","ALL","PER(12MF)","A081660","미스토홀딩스","8.77","OK","361"
"2020-07-23","ALL","PER(12MF)","A082270","젬백스","","BLANK","362"
"2020-07-23","ALL","PER(12MF)","A082640","동양생명","4.53","OK","363"
"2020-07-23","ALL","PER(12MF)","A082920","비츠로셀","15.08","OK","364"
"2020-07-23","ALL","PER(12MF)","A083790","CG인바이츠","","BLANK","365"
"2020-07-23","ALL","PER(12MF)","A084110","휴온스글로벌","","BLANK","366"
"2020-07-23","ALL","PER(12MF)","A084370","유진테크","19.22","OK","367"
"2020-07-23","ALL","PER(12MF)","A084650","랩지노믹스","4.53","OK","368"
"2020-07-23","ALL","PER(12MF)","A084680","이월드","","BLANK","369"
"2020-07-23","ALL","PER(12MF)","A084690","대상홀딩스","","BLANK","370"
"2020-07-23","ALL","PER(12MF)","A084850","아이티엠반도체","16.95","OK","371"
"2020-07-23","ALL","PER(12MF)","A084990","헬릭스미스","","BLANK","372"
"2020-07-23","ALL","PER(12MF)","A085620","미래에셋생명","5.52","OK","373"
"2020-07-23","ALL","PER(12MF)","A085660","차바이오텍","","BLANK","374"
"2020-07-23","ALL","PER(12MF)","A086280","현대글로비스","7.62","OK","375"
"2020-07-23","ALL","PER(12MF)","A086390","유니테스트","10.52","OK","376"
"2020-07-23","ALL","PER(12MF)","A086450","동국제약","17.2","OK","377"
"2020-07-23","ALL","PER(12MF)","A086520","에코프로","8.33","OK","378"
"2020-07-23","ALL","PER(12MF)","A086790","하나금융지주","3.92","OK","379"
"2020-07-23","ALL","PER(12MF)","A086900","메디톡스","845.73","OK","380"
"2020-07-23","ALL","PER(12MF)","A087010","펩트론","","BLANK","381"
"2020-07-23","ALL","PER(12MF)","A088350","한화생명","5.67","OK","382"
"2020-07-23","ALL","PER(12MF)","A088800","에이스테크","33.2","OK","383"
"2020-07-23","ALL","PER(12MF)","A089030","테크윙","8.92","OK","384"
"2020-07-23","ALL","PER(12MF)","A089590","제주항공","","BLANK","385"
"2020-07-23","ALL","PER(12MF)","A089600","KT나스미디어","11.07","OK","386"
"2020-07-23","ALL","PER(12MF)","A089970","브이엠","","BLANK","387"
"2020-07-23","ALL","PER(12MF)","A089980","상아프론테크","43.92","OK","388"
"2020-07-23","ALL","PER(12MF)","A090430","아모레퍼시픽","40.19","OK","389"
"2020-07-23","ALL","PER(12MF)","A090460","비에이치","9.29","OK","390"
"2020-07-23","ALL","PER(12MF)","A091700","파트론","9.63","OK","391"
"2020-07-23","ALL","PER(12MF)","A092040","아미코젠","","BLANK","392"
"2020-07-23","ALL","PER(12MF)","A092130","이크레더블","","BLANK","393"
"2020-07-23","ALL","PER(12MF)","A092190","서울바이오시스","","BLANK","394"
"2020-07-23","ALL","PER(12MF)","A092730","네오팜","12.16","OK","395"
"2020-07-23","ALL","PER(12MF)","A093050","LF","5.43","OK","396"
"2020-07-23","ALL","PER(12MF)","A093320","케이아이엔엑스","16.97","OK","397"
"2020-07-23","ALL","PER(12MF)","A093370","후성","38.78","OK","398"
"2020-07-23","ALL","PER(12MF)","A094280","효성ITX","","BLANK","399"
"2020-07-23","ALL","PER(12MF)","A095340","ISC","","BLANK","400"
"2020-07-23","ALL","PER(12MF)","A095610","테스","14.48","OK","401"
"2020-07-23","ALL","PER(12MF)","A095660","네오위즈","11.04","OK","402"
"2020-07-23","ALL","PER(12MF)","A095700","제넥신","","BLANK","403"
"2020-07-23","ALL","PER(12MF)","A095720","웅진씽크빅","15.12","OK","404"
"2020-07-23","ALL","PER(12MF)","A096530","씨젠","18.3","OK","405"
"2020-07-23","ALL","PER(12MF)","A096760","JW홀딩스","","BLANK","406"
"2020-07-23","ALL","PER(12MF)","A096770","SK이노베이션","","BLANK","407"
"2020-07-23","ALL","PER(12MF)","A097230","HJ중공업","","BLANK","408"
"2020-07-23","ALL","PER(12MF)","A097520","엠씨넥스","8.62","OK","409"
"2020-07-23","ALL","PER(12MF)","A097780","에코볼트","","BLANK","410"
"2020-07-23","ALL","PER(12MF)","A097950","CJ제일제당","10.77","OK","411"
"2020-07-23","ALL","PER(12MF)","A098460","고영","39.76","OK","412"
"2020-07-23","ALL","PER(12MF)","A099190","아이센스","13.17","OK","413"
"2020-07-23","ALL","PER(12MF)","A100120","뷰웍스","12.64","OK","414"
"2020-07-23","ALL","PER(12MF)","A100130","동국S&C","","BLANK","415"
"2020-07-23","ALL","PER(12MF)","A101490","에스앤에스텍","","BLANK","416"
"2020-07-23","ALL","PER(12MF)","A102460","이연제약","","BLANK","417"
"2020-07-23","ALL","PER(12MF)","A102710","이엔에프테크놀로지","10.55","OK","418"
"2020-07-23","ALL","PER(12MF)","A102940","코오롱생명과학","","BLANK","419"
"2020-07-23","ALL","PER(12MF)","A103140","풍산","11.91","OK","420"
"2020-07-23","ALL","PER(12MF)","A104830","원익머트리얼즈","10.07","OK","421"
"2020-07-23","ALL","PER(12MF)","A105560","KB금융","4.7","OK","422"
"2020-07-23","ALL","PER(12MF)","A105630","한세실업","14.69","OK","423"
"2020-07-23","ALL","PER(12MF)","A108230","톱텍","","BLANK","424"
"2020-07-23","ALL","PER(12MF)","A108320","LX세미콘","10.76","OK","425"
"2020-07-23","ALL","PER(12MF)","A108670","LX하우시스","18.61","OK","426"
"2020-07-23","ALL","PER(12MF)","A109820","진매트릭스","","BLANK","427"
"2020-07-23","ALL","PER(12MF)","A110790","크리스에프앤씨","7.43","OK","428"
"2020-07-23","ALL","PER(12MF)","A111710","남화산업","","BLANK","429"
"2020-07-23","ALL","PER(12MF)","A111770","영원무역","6.83","OK","430"
"2020-07-23","ALL","PER(12MF)","A112040","위메이드","23.82","OK","431"
"2020-07-23","ALL","PER(12MF)","A112610","씨에스윈드","18.3","OK","432"
"2020-07-23","ALL","PER(12MF)","A114090","GKL","21.04","OK","433"
"2020-07-23","ALL","PER(12MF)","A115450","HLB테라퓨틱스","","BLANK","434"
"2020-07-23","ALL","PER(12MF)","A119610","인터로조","7.7","OK","435"
"2020-07-23","ALL","PER(12MF)","A120110","코오롱인더","6.55","OK","436"
"2020-07-23","ALL","PER(12MF)","A121440","골프존홀딩스","","BLANK","437"
"2020-07-23","ALL","PER(12MF)","A121600","나노신소재","","BLANK","438"
"2020-07-23","ALL","PER(12MF)","A122870","와이지엔터테인먼트","41.3","OK","439"
"2020-07-23","ALL","PER(12MF)","A122900","아이마켓코리아","","BLANK","440"
"2020-07-23","ALL","PER(12MF)","A122990","와이솔","13.32","OK","441"
"2020-07-23","ALL","PER(12MF)","A123890","한국자산신탁","3.01","OK","442"
"2020-07-23","ALL","PER(12MF)","A126560","현대퓨처넷","","BLANK","443"
"2020-07-23","ALL","PER(12MF)","A128940","한미약품","50.94","OK","444"
"2020-07-23","ALL","PER(12MF)","A131290","티에스이","","BLANK","445"
"2020-07-23","ALL","PER(12MF)","A131370","알서포트","34.51","OK","446"
"2020-07-23","ALL","PER(12MF)","A131970","두산테스나","15.59","OK","447"
"2020-07-23","ALL","PER(12MF)","A136480","하림","","BLANK","448"
"2020-07-23","ALL","PER(12MF)","A137400","피엔티","9.91","OK","449"
"2020-07-23","ALL","PER(12MF)","A138040","메리츠금융지주","","BLANK","450"
"2020-07-23","ALL","PER(12MF)","A138080","오이솔루션","17.13","OK","451"
"2020-07-23","ALL","PER(12MF)","A138930","BNK금융지주","3.41","OK","452"
"2020-07-23","ALL","PER(12MF)","A139130","iM금융지주","3.15","OK","453"
"2020-07-23","ALL","PER(12MF)","A139480","이마트","10.71","OK","454"
"2020-07-23","ALL","PER(12MF)","A140410","메지온","","BLANK","455"
"2020-07-23","ALL","PER(12MF)","A140860","파크시스템스","19.9","OK","456"
"2020-07-23","ALL","PER(12MF)","A141080","리가켐바이오","88.61","OK","457"
"2020-07-23","ALL","PER(12MF)","A143160","아이디스","","BLANK","458"
"2020-07-23","ALL","PER(12MF)","A143240","사람인","11.28","OK","459"
"2020-07-23","ALL","PER(12MF)","A144510","지씨셀","","BLANK","460"
"2020-07-23","ALL","PER(12MF)","A145020","휴젤","40.48","OK","461"
"2020-07-23","ALL","PER(12MF)","A145720","덴티움","10.67","OK","462"
"2020-07-23","ALL","PER(12MF)","A145990","삼양사","","BLANK","463"
"2020-07-23","ALL","PER(12MF)","A148150","세경하이테크","11.05","OK","464"
"2020-07-23","ALL","PER(12MF)","A153710","옵티팜","","BLANK","465"
"2020-07-23","ALL","PER(12MF)","A161390","한국타이어앤테크놀로지","7.97","OK","466"
"2020-07-23","ALL","PER(12MF)","A161890","한국콜마","16.7","OK","467"
"2020-07-23","ALL","PER(12MF)","A166090","하나머티리얼즈","11.07","OK","468"
"2020-07-23","ALL","PER(12MF)","A166480","코아스템켐온","","BLANK","469"
"2020-07-23","ALL","PER(12MF)","A170900","동아에스티","19.86","OK","470"
"2020-07-23","ALL","PER(12MF)","A174900","앱클론","","BLANK","471"
"2020-07-23","ALL","PER(12MF)","A175250","아이큐어","","BLANK","472"
"2020-07-23","ALL","PER(12MF)","A175330","JB금융지주","2.84","OK","473"
"2020-07-23","ALL","PER(12MF)","A178320","서진시스템","13.01","OK","474"
"2020-07-23","ALL","PER(12MF)","A178920","PI첨단소재","17.2","OK","475"
"2020-07-23","ALL","PER(12MF)","A179900","유티아이","","BLANK","476"
"2020-07-23","ALL","PER(12MF)","A180640","한진칼","","BLANK","477"
"2020-07-23","ALL","PER(12MF)","A181710","NHN","17.34","OK","478"
"2020-07-23","ALL","PER(12MF)","A182400","엔케이젠바이오텍코리아","","BLANK","479"
"2020-07-23","ALL","PER(12MF)","A183300","코미코","10.62","OK","480"
"2020-07-23","ALL","PER(12MF)","A183490","엔지켐생명과학","","BLANK","481"
"2020-07-23","ALL","PER(12MF)","A185750","종근당","22.03","OK","482"
"2020-07-23","ALL","PER(12MF)","A191420","테고사이언스","","BLANK","483"
"2020-07-23","ALL","PER(12MF)","A192080","더블유게임즈","9.69","OK","484"
"2020-07-23","ALL","PER(12MF)","A192400","쿠쿠홀딩스","","BLANK","485"
"2020-07-23","ALL","PER(12MF)","A192440","슈피겐코리아","7.08","OK","486"
"2020-07-23","ALL","PER(12MF)","A192650","드림텍","21.17","OK","487"
"2020-07-23","ALL","PER(12MF)","A192820","코스맥스","17.5","OK","488"
"2020-07-23","ALL","PER(12MF)","A194700","노바렉스","15.28","OK","489"
"2020-07-23","ALL","PER(12MF)","A195870","해성디에스","8.53","OK","490"
"2020-07-23","ALL","PER(12MF)","A196170","알테오젠","565.01","OK","491"
"2020-07-23","ALL","PER(12MF)","A199800","툴젠","","BLANK","492"
"2020-07-23","ALL","PER(12MF)","A200130","콜마비앤에이치","20.67","OK","493"
"2020-07-23","ALL","PER(12MF)","A200230","텔콘RF제약","","BLANK","494"
"2020-07-23","ALL","PER(12MF)","A200670","휴메딕스","17.48","OK","495"
"2020-07-23","ALL","PER(12MF)","A200710","에이디테크놀로지","","BLANK","496"
"2020-07-23","ALL","PER(12MF)","A204270","제이앤티씨","5.66","OK","497"
"2020-07-23","ALL","PER(12MF)","A204320","HL만도","11.53","OK","498"
"2020-07-23","ALL","PER(12MF)","A205470","휴마시스","21.67","OK","499"
"2020-07-23","ALL","PER(12MF)","A206640","바디텍메드","","BLANK","500"
"2020-07-23","ALL","PER(12MF)","A207760","미스터블루","20.8","OK","501"
"2020-07-23","ALL","PER(12MF)","A207940","삼성바이오로직스","226.79","OK","502"
"2020-07-23","ALL","PER(12MF)","A210980","SK디앤디","5.45","OK","503"
"2020-07-23","ALL","PER(12MF)","A213420","덕산네오룩스","23.82","OK","504"
"2020-07-23","ALL","PER(12MF)","A213500","한솔제지","3","OK","505"
"2020-07-23","ALL","PER(12MF)","A214150","클래시스","18.67","OK","506"
"2020-07-23","ALL","PER(12MF)","A214320","이노션","12.05","OK","507"
"2020-07-23","ALL","PER(12MF)","A214370","케어젠","","BLANK","508"
"2020-07-23","ALL","PER(12MF)","A214450","파마리서치","20.19","OK","509"
"2020-07-23","ALL","PER(12MF)","A214610","롤링스톤","","BLANK","510"
"2020-07-23","ALL","PER(12MF)","A215000","골프존","13.42","OK","511"
"2020-07-23","ALL","PER(12MF)","A215200","메가스터디교육","7.53","OK","512"
"2020-07-23","ALL","PER(12MF)","A215600","신라젠","","BLANK","513"
"2020-07-23","ALL","PER(12MF)","A216050","인크로스","21.57","OK","514"
"2020-07-23","ALL","PER(12MF)","A216080","제테마","42.73","OK","515"
"2020-07-23","ALL","PER(12MF)","A218410","RFHIC","25.11","OK","516"
"2020-07-23","ALL","PER(12MF)","A222080","SFA넥셀","18.41","OK","517"
"2020-07-23","ALL","PER(12MF)","A222800","심텍","7.24","OK","518"
"2020-07-23","ALL","PER(12MF)","A225570","넥슨게임즈","","BLANK","519"
"2020-07-23","ALL","PER(12MF)","A226320","잇츠한불","","BLANK","520"
"2020-07-23","ALL","PER(12MF)","A226950","올릭스","","BLANK","521"
"2020-07-23","ALL","PER(12MF)","A228670","레이","10.78","OK","522"
"2020-07-23","ALL","PER(12MF)","A228760","지노믹트리","","BLANK","523"
"2020-07-23","ALL","PER(12MF)","A230240","에치에프알","17.86","OK","524"
"2020-07-23","ALL","PER(12MF)","A230360","에코마케팅","13.94","OK","525"
"2020-07-23","ALL","PER(12MF)","A232140","와이씨","","BLANK","526"
"2020-07-23","ALL","PER(12MF)","A234080","JW생명과학","11.41","OK","527"
"2020-07-23","ALL","PER(12MF)","A234340","헥토파이낸셜","15.23","OK","528"
"2020-07-23","ALL","PER(12MF)","A235980","메드팩토","","BLANK","529"
"2020-07-23","ALL","PER(12MF)","A237690","에스티팜","441.77","OK","530"
"2020-07-23","ALL","PER(12MF)","A237880","클리오","19.35","OK","531"
"2020-07-23","ALL","PER(12MF)","A239610","에이치엘사이언스","11.29","OK","532"
"2020-07-23","ALL","PER(12MF)","A240810","원익IPS","11.82","OK","533"
"2020-07-23","ALL","PER(12MF)","A241560","두산밥캣","11.72","OK","534"
"2020-07-23","ALL","PER(12MF)","A241590","화승엔터프라이즈","9.14","OK","535"
"2020-07-23","ALL","PER(12MF)","A243070","휴온스","12.36","OK","536"
"2020-07-23","ALL","PER(12MF)","A243840","신흥에스이씨","12.87","OK","537"
"2020-07-23","ALL","PER(12MF)","A244460","올리패스","","BLANK","538"
"2020-07-23","ALL","PER(12MF)","A245620","EDGC","","BLANK","539"
"2020-07-23","ALL","PER(12MF)","A247540","에코프로비엠","47.79","OK","540"
"2020-07-23","ALL","PER(12MF)","A249420","일동제약","","BLANK","541"
"2020-07-23","ALL","PER(12MF)","A251270","넷마블","36.09","OK","542"
"2020-07-23","ALL","PER(12MF)","A251370","와이엠티","14.34","OK","543"
"2020-07-23","ALL","PER(12MF)","A253450","스튜디오드래곤","47.21","OK","544"
"2020-07-23","ALL","PER(12MF)","A253840","수젠텍","2.65","OK","545"
"2020-07-23","ALL","PER(12MF)","A256940","킵스파마","","BLANK","546"
"2020-07-23","ALL","PER(12MF)","A262260","에이프로","","BLANK","547"
"2020-07-23","ALL","PER(12MF)","A263050","유틸렉스","","BLANK","548"
"2020-07-23","ALL","PER(12MF)","A263690","디알젬","","BLANK","549"
"2020-07-23","ALL","PER(12MF)","A263720","디앤씨미디어","32.99","OK","550"
"2020-07-23","ALL","PER(12MF)","A263750","펄어비스","15.69","OK","551"
"2020-07-23","ALL","PER(12MF)","A265520","AP시스템","10.66","OK","552"
"2020-07-23","ALL","PER(12MF)","A267250","HD현대","35.55","OK","553"
"2020-07-23","ALL","PER(12MF)","A267260","HD현대일렉트릭","17.29","OK","554"
"2020-07-23","ALL","PER(12MF)","A267270","HD건설기계","13.23","OK","555"
"2020-07-23","ALL","PER(12MF)","A267980","매일유업","8","OK","556"
"2020-07-23","ALL","PER(12MF)","A268280","미원에스씨","","BLANK","557"
"2020-07-23","ALL","PER(12MF)","A271560","오리온","17.81","OK","558"
"2020-07-23","ALL","PER(12MF)","A271980","제일약품","","BLANK","559"
"2020-07-23","ALL","PER(12MF)","A272210","한화시스템","13.39","OK","560"
"2020-07-23","ALL","PER(12MF)","A272290","이녹스첨단소재","12.62","OK","561"
"2020-07-23","ALL","PER(12MF)","A272450","진에어","","BLANK","562"
"2020-07-23","ALL","PER(12MF)","A272550","삼양패키징","7.2","OK","563"
"2020-07-23","ALL","PER(12MF)","A278280","천보","24.08","OK","564"
"2020-07-23","ALL","PER(12MF)","A280360","롯데웰푸드","","BLANK","565"
"2020-07-23","ALL","PER(12MF)","A281820","케이씨텍","8.17","OK","566"
"2020-07-23","ALL","PER(12MF)","A282330","BGF리테일","13.58","OK","567"
"2020-07-23","ALL","PER(12MF)","A284620","카이노스메드","","BLANK","568"
"2020-07-23","ALL","PER(12MF)","A284740","쿠쿠홈시스","7.49","OK","569"
"2020-07-23","ALL","PER(12MF)","A285130","SK케미칼","23.7","OK","570"
"2020-07-23","ALL","PER(12MF)","A286940","롯데이노베이트","11.12","OK","571"
"2020-07-23","ALL","PER(12MF)","A288330","파라택시스코리아","","BLANK","572"
"2020-07-23","ALL","PER(12MF)","A288620","에스프리즘","41.78","OK","573"
"2020-07-23","ALL","PER(12MF)","A290650","엘앤씨바이오","71.85","OK","574"
"2020-07-23","ALL","PER(12MF)","A293480","하나제약","12.65","OK","575"
"2020-07-23","ALL","PER(12MF)","A293780","압타바이오","","BLANK","576"
"2020-07-23","ALL","PER(12MF)","A294140","레몬","","BLANK","577"
"2020-07-23","ALL","PER(12MF)","A294870","IPARK현대산업개발","3.92","OK","578"
"2020-07-23","ALL","PER(12MF)","A298000","효성화학","7.95","OK","579"
"2020-07-23","ALL","PER(12MF)","A298020","효성티앤씨","3.92","OK","580"
"2020-07-23","ALL","PER(12MF)","A298040","효성중공업","10.41","OK","581"
"2020-07-23","ALL","PER(12MF)","A298050","HS효성첨단소재","10.98","OK","582"
"2020-07-23","ALL","PER(12MF)","A298060","풍전약품","","BLANK","583"
"2020-07-23","ALL","PER(12MF)","A298380","에이비엘바이오","","BLANK","584"
"2020-07-23","ALL","PER(12MF)","A299660","셀리드","","BLANK","585"
"2020-07-23","ALL","PER(12MF)","A300120","라온피플","","BLANK","586"
"2020-07-23","ALL","PER(12MF)","A300720","한일시멘트","7.16","OK","587"
"2020-07-23","ALL","PER(12MF)","A307950","현대오토에버","12.74","OK","588"
"2020-07-23","ALL","PER(12MF)","A308170","씨티알모빌리티","","BLANK","589"
"2020-07-23","ALL","PER(12MF)","A314130","지놈앤컴퍼니","","BLANK","590"
"2020-07-23","ALL","PER(12MF)","A316140","우리금융지주","3.79","OK","591"
"2020-07-23","ALL","PER(12MF)","A317330","덕산테코피아","","BLANK","592"
"2020-07-23","ALL","PER(12MF)","A319660","피에스케이","7.46","OK","593"
"2020-07-23","ALL","PER(12MF)","A321550","티움바이오","","BLANK","594"
"2020-07-23","ALL","PER(12MF)","A322000","HD현대에너지솔루션","16.25","OK","595"
"2020-07-23","ALL","PER(12MF)","A326030","SK바이오팜","","BLANK","596"
"2020-07-23","ALL","PER(12MF)","A336260","두산퓨얼셀","132.28","OK","597"
"2020-07-23","ALL","PER(12MF)","A336370","솔루스첨단소재","33.43","OK","598"
"2020-07-23","ALL","PER(12MF)","A344820","KCC글라스","","BLANK","599"
"2020-07-23","ALL","PER(12MF)","A353200","대덕전자","","BLANK","600"
"2020-07-23","ALL","PER(12MF)","A950160","코오롱티슈진","","BLANK","601"
"2020-07-23","ALL","PER(12MF)","A950200","소마젠","","BLANK","602"
