Date,Universe,Factor,StockCode,StockName,FactorValue,ValueStatus,SourceRow
"2023-01-10","ALL","OP(12MF_1M_CHG)","A000020","동화약품","","BLANK","14"
"2023-01-10","ALL","OP(12MF_1M_CHG)","A000050","경방","","BLANK","15"
"2023-01-10","ALL","OP(12MF_1M_CHG)","A000070","삼양홀딩스","","BLANK","16"
"2023-01-10","ALL","OP(12MF_1M_CHG)","A000080","하이트진로","-.784791002182308","OK","17"
"2023-01-10","ALL","OP(12MF_1M_CHG)","A000100","유한양행","2.18256515598922","OK","18"
"2023-01-10","ALL","OP(12MF_1M_CHG)","A000120","CJ대한통운",".787802858174247","OK","19"
"2023-01-10","ALL","OP(12MF_1M_CHG)","A000150","두산",".713181506685582","OK","20"
"2023-01-10","ALL","OP(12MF_1M_CHG)","A000210","DL","-1.40562608555518","OK","21"
"2023-01-10","ALL","OP(12MF_1M_CHG)","A000240","한국앤컴퍼니","3.28205128205128","OK","22"
"2023-01-10","ALL","OP(12MF_1M_CHG)","A000250","삼천당제약","","BLANK","23"
"2023-01-10","ALL","OP(12MF_1M_CHG)","A000270","기아","1.53507696674881","OK","24"
"2023-01-10","ALL","OP(12MF_1M_CHG)","A000370","한화손해보험",".78349856092101","OK","25"
"2023-01-10","ALL","OP(12MF_1M_CHG)","A000400","롯데손해보험","","BLANK","26"
"2023-01-10","ALL","OP(12MF_1M_CHG)","A000480","CR홀딩스","","BLANK","27"
"2023-01-10","ALL","OP(12MF_1M_CHG)","A000490","대동","","BLANK","28"
"2023-01-10","ALL","OP(12MF_1M_CHG)","A000640","동아쏘시오홀딩스","1.48514851485148","OK","29"
"2023-01-10","ALL","OP(12MF_1M_CHG)","A000660","SK하이닉스","-158.372344653977","OK","30"
"2023-01-10","ALL","OP(12MF_1M_CHG)","A000670","영풍",".465591178272418","OK","31"
"2023-01-10","ALL","OP(12MF_1M_CHG)","A000720","현대건설","-3.8207347476363","OK","32"
"2023-01-10","ALL","OP(12MF_1M_CHG)","A000810","삼성화재",".977806875564534","OK","33"
"2023-01-10","ALL","OP(12MF_1M_CHG)","A000880","한화","1.26123411542967","OK","34"
"2023-01-10","ALL","OP(12MF_1M_CHG)","A000990","DB하이텍","-2.9024624713451","OK","35"
"2023-01-10","ALL","OP(12MF_1M_CHG)","A001040","CJ",".470066658281978","OK","36"
"2023-01-10","ALL","OP(12MF_1M_CHG)","A001060","JW중외제약",".801637387003239","OK","37"
"2023-01-10","ALL","OP(12MF_1M_CHG)","A001070","대한방직","","BLANK","38"
"2023-01-10","ALL","OP(12MF_1M_CHG)","A001120","LX인터내셔널","-2.04593997077229","OK","39"
"2023-01-10","ALL","OP(12MF_1M_CHG)","A001230","동국홀딩스","-.501680230613639","OK","40"
"2023-01-10","ALL","OP(12MF_1M_CHG)","A001390","KG케미칼","","BLANK","41"
"2023-01-10","ALL","OP(12MF_1M_CHG)","A001430","세아베스틸지주",".497825589379723","OK","42"
"2023-01-10","ALL","OP(12MF_1M_CHG)","A001440","대한전선","","BLANK","43"
"2023-01-10","ALL","OP(12MF_1M_CHG)","A001450","현대해상","1.16843818339013","OK","44"
"2023-01-10","ALL","OP(12MF_1M_CHG)","A001470","삼부토건","","BLANK","45"
"2023-01-10","ALL","OP(12MF_1M_CHG)","A001500","현대차증권","","BLANK","46"
"2023-01-10","ALL","OP(12MF_1M_CHG)","A001510","SK증권","","BLANK","47"
"2023-01-10","ALL","OP(12MF_1M_CHG)","A001530","DI동일","2.49560632688928","OK","48"
"2023-01-10","ALL","OP(12MF_1M_CHG)","A001570","금양","","BLANK","49"
"2023-01-10","ALL","OP(12MF_1M_CHG)","A001630","종근당홀딩스","","BLANK","50"
"2023-01-10","ALL","OP(12MF_1M_CHG)","A001680","대상","-1.69014084507042","OK","51"
"2023-01-10","ALL","OP(12MF_1M_CHG)","A001720","신영증권","","BLANK","52"
"2023-01-10","ALL","OP(12MF_1M_CHG)","A001740","SK네트웍스",".592749404604395","OK","53"
"2023-01-10","ALL","OP(12MF_1M_CHG)","A001800","오리온홀딩스","","BLANK","54"
"2023-01-10","ALL","OP(12MF_1M_CHG)","A001820","삼화콘덴서","-5.8286328229922","OK","55"
"2023-01-10","ALL","OP(12MF_1M_CHG)","A001940","KISCO홀딩스","","BLANK","56"
"2023-01-10","ALL","OP(12MF_1M_CHG)","A002020","코오롱","","BLANK","57"
"2023-01-10","ALL","OP(12MF_1M_CHG)","A002030","아세아","","BLANK","58"
"2023-01-10","ALL","OP(12MF_1M_CHG)","A002150","도화엔지니어링","","BLANK","59"
"2023-01-10","ALL","OP(12MF_1M_CHG)","A002240","고려제강","","BLANK","60"
"2023-01-10","ALL","OP(12MF_1M_CHG)","A002310","아세아제지","","BLANK","61"
"2023-01-10","ALL","OP(12MF_1M_CHG)","A002320","한진","1.14184397163122","OK","62"
"2023-01-10","ALL","OP(12MF_1M_CHG)","A002350","넥센타이어",".298892738265062","OK","63"
"2023-01-10","ALL","OP(12MF_1M_CHG)","A002380","KCC","-4.22284809012498","OK","64"
"2023-01-10","ALL","OP(12MF_1M_CHG)","A002620","제일파마홀딩스","","BLANK","65"
"2023-01-10","ALL","OP(12MF_1M_CHG)","A002790","아모레퍼시픽홀딩스","-3.50471231952178","OK","66"
"2023-01-10","ALL","OP(12MF_1M_CHG)","A002840","미원상사","","BLANK","67"
"2023-01-10","ALL","OP(12MF_1M_CHG)","A002900","TYM","","BLANK","68"
"2023-01-10","ALL","OP(12MF_1M_CHG)","A002960","한국쉘석유","","BLANK","69"
"2023-01-10","ALL","OP(12MF_1M_CHG)","A002990","금호건설","1.42315961912563","OK","70"
"2023-01-10","ALL","OP(12MF_1M_CHG)","A003000","부광약품","","BLANK","71"
"2023-01-10","ALL","OP(12MF_1M_CHG)","A003030","세아제강지주","","BLANK","72"
"2023-01-10","ALL","OP(12MF_1M_CHG)","A003060","에이프로젠바이오로직스","","BLANK","73"
"2023-01-10","ALL","OP(12MF_1M_CHG)","A003070","코오롱글로벌",".220532319391629","OK","74"
"2023-01-10","ALL","OP(12MF_1M_CHG)","A003090","대웅","1.63538873994637","OK","75"
"2023-01-10","ALL","OP(12MF_1M_CHG)","A003100","선광","","BLANK","76"
"2023-01-10","ALL","OP(12MF_1M_CHG)","A003220","대원제약","-1.69396872673119","OK","77"
"2023-01-10","ALL","OP(12MF_1M_CHG)","A003230","삼양식품",".112921438941765","OK","78"
"2023-01-10","ALL","OP(12MF_1M_CHG)","A003240","태광산업","","BLANK","79"
"2023-01-10","ALL","OP(12MF_1M_CHG)","A003280","흥아해운","","BLANK","80"
"2023-01-10","ALL","OP(12MF_1M_CHG)","A003300","한일홀딩스","","BLANK","81"
"2023-01-10","ALL","OP(12MF_1M_CHG)","A003380","하림지주","1.0865998176846","OK","82"
"2023-01-10","ALL","OP(12MF_1M_CHG)","A003470","유안타증권","","BLANK","83"
"2023-01-10","ALL","OP(12MF_1M_CHG)","A003490","대한항공","-16.6720947837262","OK","84"
"2023-01-10","ALL","OP(12MF_1M_CHG)","A003520","영진약품","","BLANK","85"
"2023-01-10","ALL","OP(12MF_1M_CHG)","A003530","한화투자증권","","BLANK","86"
"2023-01-10","ALL","OP(12MF_1M_CHG)","A003540","대신증권",".873362445414847","OK","87"
"2023-01-10","ALL","OP(12MF_1M_CHG)","A003550","LG",".820018428284605","OK","88"
"2023-01-10","ALL","OP(12MF_1M_CHG)","A003570","SNT다이내믹스","3.04207119741101","OK","89"
"2023-01-10","ALL","OP(12MF_1M_CHG)","A003620","KG모빌리티","","BLANK","90"
"2023-01-10","ALL","OP(12MF_1M_CHG)","A003670","포스코퓨처엠","3.39378351279481","OK","91"
"2023-01-10","ALL","OP(12MF_1M_CHG)","A003690","코리안리","1.28366762177651","OK","92"
"2023-01-10","ALL","OP(12MF_1M_CHG)","A003800","에이스침대","","BLANK","93"
"2023-01-10","ALL","OP(12MF_1M_CHG)","A003850","보령","1.0145153738099","OK","94"
"2023-01-10","ALL","OP(12MF_1M_CHG)","A003920","남양유업","","BLANK","95"
"2023-01-10","ALL","OP(12MF_1M_CHG)","A004000","롯데정밀화학","-9.20089707271011","OK","96"
"2023-01-10","ALL","OP(12MF_1M_CHG)","A004020","현대제철","-9.00789556446941","OK","97"
"2023-01-10","ALL","OP(12MF_1M_CHG)","A004170","신세계","-.38804712730243","OK","98"
"2023-01-10","ALL","OP(12MF_1M_CHG)","A004360","세방","","BLANK","99"
"2023-01-10","ALL","OP(12MF_1M_CHG)","A004370","농심","1.37014883850327","OK","100"
"2023-01-10","ALL","OP(12MF_1M_CHG)","A004430","송원산업","1.46165723108594","OK","101"
"2023-01-10","ALL","OP(12MF_1M_CHG)","A004490","세방전지",".515463917525773","OK","102"
"2023-01-10","ALL","OP(12MF_1M_CHG)","A004690","삼천리","-.620087336244536","OK","103"
"2023-01-10","ALL","OP(12MF_1M_CHG)","A004700","조광피혁","","BLANK","104"
"2023-01-10","ALL","OP(12MF_1M_CHG)","A004800","효성",".82815734989648","OK","105"
"2023-01-10","ALL","OP(12MF_1M_CHG)","A004890","동일산업","","BLANK","106"
"2023-01-10","ALL","OP(12MF_1M_CHG)","A004990","롯데지주",".545132743362839","OK","107"
"2023-01-10","ALL","OP(12MF_1M_CHG)","A005010","휴스틸","","BLANK","108"
"2023-01-10","ALL","OP(12MF_1M_CHG)","A005070","코스모신소재","-4.34782608695652","OK","109"
"2023-01-10","ALL","OP(12MF_1M_CHG)","A005090","SGC에너지","-6.92395005675369","OK","110"
"2023-01-10","ALL","OP(12MF_1M_CHG)","A005180","빙그레","-.303030303030315","OK","111"
"2023-01-10","ALL","OP(12MF_1M_CHG)","A005250","녹십자홀딩스","","BLANK","112"
"2023-01-10","ALL","OP(12MF_1M_CHG)","A005290","동진쎄미켐","1.13994439295643","OK","113"
"2023-01-10","ALL","OP(12MF_1M_CHG)","A005300","롯데칠성",".107082759675682","OK","114"
"2023-01-10","ALL","OP(12MF_1M_CHG)","A005380","현대차","1.24130642675108","OK","115"
"2023-01-10","ALL","OP(12MF_1M_CHG)","A005420","코스모화학","6.84095860566449","OK","116"
"2023-01-10","ALL","OP(12MF_1M_CHG)","A005440","현대지에프홀딩스","2.68980477223428","OK","117"
"2023-01-10","ALL","OP(12MF_1M_CHG)","A005490","POSCO홀딩스","-5.85051204906881","OK","118"
"2023-01-10","ALL","OP(12MF_1M_CHG)","A005500","삼진제약",".228571428571424","OK","119"
"2023-01-10","ALL","OP(12MF_1M_CHG)","A005610","삼립","-5.71864277544818E-02","OK","120"
"2023-01-10","ALL","OP(12MF_1M_CHG)","A005690","파미셀","4.83253588516747","OK","121"
"2023-01-10","ALL","OP(12MF_1M_CHG)","A005810","풍산홀딩스",".532043530834338","OK","122"
"2023-01-10","ALL","OP(12MF_1M_CHG)","A005830","DB손해보험","1.93361930472516","OK","123"
"2023-01-10","ALL","OP(12MF_1M_CHG)","A005850","에스엘","-1.04789913125781","OK","124"
"2023-01-10","ALL","OP(12MF_1M_CHG)","A005880","대한해운",".417152321943443","OK","125"
"2023-01-10","ALL","OP(12MF_1M_CHG)","A005930","삼성전자","-26.8494044941317","OK","126"
"2023-01-10","ALL","OP(12MF_1M_CHG)","A005940","NH투자증권","-5.6345170514521E-03","OK","127"
"2023-01-10","ALL","OP(12MF_1M_CHG)","A005950","이수화학","","BLANK","128"
"2023-01-10","ALL","OP(12MF_1M_CHG)","A006040","동원산업","","BLANK","129"
"2023-01-10","ALL","OP(12MF_1M_CHG)","A006110","삼아알미늄","4.5418326693227","OK","130"
"2023-01-10","ALL","OP(12MF_1M_CHG)","A006120","SK디스커버리","","BLANK","131"
"2023-01-10","ALL","OP(12MF_1M_CHG)","A006220","제주은행","","BLANK","132"
"2023-01-10","ALL","OP(12MF_1M_CHG)","A006260","LS","7.30624028425494","OK","133"
"2023-01-10","ALL","OP(12MF_1M_CHG)","A006280","녹십자","4.70972702806612","OK","134"
"2023-01-10","ALL","OP(12MF_1M_CHG)","A006360","GS건설","-6.08361324709214","OK","135"
"2023-01-10","ALL","OP(12MF_1M_CHG)","A006400","삼성SDI","-1.42715895706706","OK","136"
"2023-01-10","ALL","OP(12MF_1M_CHG)","A006650","대한유화","11.663556384964","OK","137"
"2023-01-10","ALL","OP(12MF_1M_CHG)","A006730","서부T&D","","BLANK","138"
"2023-01-10","ALL","OP(12MF_1M_CHG)","A006740","블루산업개발","","BLANK","139"
"2023-01-10","ALL","OP(12MF_1M_CHG)","A006800","미래에셋증권","-.256046429752605","OK","140"
"2023-01-10","ALL","OP(12MF_1M_CHG)","A007070","GS리테일","4.00478559284679","OK","141"
"2023-01-10","ALL","OP(12MF_1M_CHG)","A007310","오뚜기","3.38364167478091","OK","142"
"2023-01-10","ALL","OP(12MF_1M_CHG)","A007340","DN오토모티브","-.282485875706215","OK","143"
"2023-01-10","ALL","OP(12MF_1M_CHG)","A007390","네이처셀","","BLANK","144"
"2023-01-10","ALL","OP(12MF_1M_CHG)","A007460","에이프로젠","","BLANK","145"
"2023-01-10","ALL","OP(12MF_1M_CHG)","A007570","일양약품","","BLANK","146"
"2023-01-10","ALL","OP(12MF_1M_CHG)","A007660","이수페타시스",".713913884137732","OK","147"
"2023-01-10","ALL","OP(12MF_1M_CHG)","A007690","국도화학","","BLANK","148"
"2023-01-10","ALL","OP(12MF_1M_CHG)","A007700","F&F홀딩스","","BLANK","149"
"2023-01-10","ALL","OP(12MF_1M_CHG)","A007810","코리아써키트","1.9340232858991","OK","150"
"2023-01-10","ALL","OP(12MF_1M_CHG)","A008350","남선알미늄","","BLANK","151"
"2023-01-10","ALL","OP(12MF_1M_CHG)","A008490","서흥",".634276290752252","OK","152"
"2023-01-10","ALL","OP(12MF_1M_CHG)","A008730","율촌화학","","BLANK","153"
"2023-01-10","ALL","OP(12MF_1M_CHG)","A008770","호텔신라","10.7005602629995","OK","154"
"2023-01-10","ALL","OP(12MF_1M_CHG)","A008930","한미사이언스","","BLANK","155"
"2023-01-10","ALL","OP(12MF_1M_CHG)","A009150","삼성전기","-6.00182621356828","OK","156"
"2023-01-10","ALL","OP(12MF_1M_CHG)","A009160","SIMPAC","","BLANK","157"
"2023-01-10","ALL","OP(12MF_1M_CHG)","A009240","한샘","-4.64071856287424","OK","158"
"2023-01-10","ALL","OP(12MF_1M_CHG)","A009290","광동제약","","BLANK","159"
"2023-01-10","ALL","OP(12MF_1M_CHG)","A009420","한올바이오파마","-48.6866218692731","OK","160"
"2023-01-10","ALL","OP(12MF_1M_CHG)","A009450","경동나비엔","","BLANK","161"
"2023-01-10","ALL","OP(12MF_1M_CHG)","A009520","포스코엠텍",".530973451327422","OK","162"
"2023-01-10","ALL","OP(12MF_1M_CHG)","A009540","HD한국조선해양","2.09188828929547","OK","163"
"2023-01-10","ALL","OP(12MF_1M_CHG)","A009580","무림P&P","52.8236853733981","OK","164"
"2023-01-10","ALL","OP(12MF_1M_CHG)","A009680","모토닉","","BLANK","165"
"2023-01-10","ALL","OP(12MF_1M_CHG)","A009830","한화솔루션","2.7012936231223","OK","166"
"2023-01-10","ALL","OP(12MF_1M_CHG)","A009900","명신산업","-.645914396887158","OK","167"
"2023-01-10","ALL","OP(12MF_1M_CHG)","A009970","영원무역홀딩스","-4.20578525582024","OK","168"
"2023-01-10","ALL","OP(12MF_1M_CHG)","A010060","OCI홀딩스","-.559344629711941","OK","169"
"2023-01-10","ALL","OP(12MF_1M_CHG)","A010120","LS ELECTRIC","1.95497368304657","OK","170"
"2023-01-10","ALL","OP(12MF_1M_CHG)","A010130","고려아연","-5.44251064617664","OK","171"
"2023-01-10","ALL","OP(12MF_1M_CHG)","A010140","삼성중공업","17.590838643017","OK","172"
"2023-01-10","ALL","OP(12MF_1M_CHG)","A010690","화신","1.20817843866172","OK","173"
"2023-01-10","ALL","OP(12MF_1M_CHG)","A010780","아이에스동서","5.22928141411555","OK","174"
"2023-01-10","ALL","OP(12MF_1M_CHG)","A010950","S-Oil","-7.79188737575184","OK","175"
"2023-01-10","ALL","OP(12MF_1M_CHG)","A011000","진원생명과학","","BLANK","176"
"2023-01-10","ALL","OP(12MF_1M_CHG)","A011070","LG이노텍","-5.61378565445488","OK","177"
"2023-01-10","ALL","OP(12MF_1M_CHG)","A011170","롯데케미칼","10.0255272594664","OK","178"
"2023-01-10","ALL","OP(12MF_1M_CHG)","A011200","HMM","-3.23328678901174","OK","179"
"2023-01-10","ALL","OP(12MF_1M_CHG)","A011210","현대위아","-7.75852514131734E-02","OK","180"
"2023-01-10","ALL","OP(12MF_1M_CHG)","A011780","금호석유화학","-1.48450085956168","OK","181"
"2023-01-10","ALL","OP(12MF_1M_CHG)","A011790","SKC","-3.3514913970637","OK","182"
"2023-01-10","ALL","OP(12MF_1M_CHG)","A011930","신성이엔지","","BLANK","183"
"2023-01-10","ALL","OP(12MF_1M_CHG)","A012330","현대모비스","1.42617293510187","OK","184"
"2023-01-10","ALL","OP(12MF_1M_CHG)","A012450","한화에어로스페이스","4.80932818789161","OK","185"
"2023-01-10","ALL","OP(12MF_1M_CHG)","A012510","더존비즈온","-3.45041002630357","OK","186"
"2023-01-10","ALL","OP(12MF_1M_CHG)","A012630","HDC","","BLANK","187"
"2023-01-10","ALL","OP(12MF_1M_CHG)","A012750","에스원",".461756503451753","OK","188"
"2023-01-10","ALL","OP(12MF_1M_CHG)","A013030","하이록코리아","1.53256704980843","OK","189"
"2023-01-10","ALL","OP(12MF_1M_CHG)","A013120","동원개발","","BLANK","190"
"2023-01-10","ALL","OP(12MF_1M_CHG)","A013890","지누스","4.57609805924412","OK","191"
"2023-01-10","ALL","OP(12MF_1M_CHG)","A014620","성광벤드","1.73626373626373","OK","192"
"2023-01-10","ALL","OP(12MF_1M_CHG)","A014680","한솔케미칼","1.3786959657235","OK","193"
"2023-01-10","ALL","OP(12MF_1M_CHG)","A014820","동원시스템즈","2.2931654676259","OK","194"
"2023-01-10","ALL","OP(12MF_1M_CHG)","A014830","유니드","","BLANK","195"
"2023-01-10","ALL","OP(12MF_1M_CHG)","A015750","성우하이텍","","BLANK","196"
"2023-01-10","ALL","OP(12MF_1M_CHG)","A015760","한국전력","21.1042732352247","OK","197"
"2023-01-10","ALL","OP(12MF_1M_CHG)","A016360","삼성증권","-.215004941107344","OK","198"
"2023-01-10","ALL","OP(12MF_1M_CHG)","A016380","KG스틸","","BLANK","199"
"2023-01-10","ALL","OP(12MF_1M_CHG)","A016580","환인제약",".828025477707011","OK","200"
"2023-01-10","ALL","OP(12MF_1M_CHG)","A016590","신대양제지","","BLANK","201"
"2023-01-10","ALL","OP(12MF_1M_CHG)","A016710","대성홀딩스","","BLANK","202"
"2023-01-10","ALL","OP(12MF_1M_CHG)","A016790","현대사료","","BLANK","203"
"2023-01-10","ALL","OP(12MF_1M_CHG)","A016800","퍼시스","","BLANK","204"
"2023-01-10","ALL","OP(12MF_1M_CHG)","A017390","서울가스","-4.05405405405405","OK","205"
"2023-01-10","ALL","OP(12MF_1M_CHG)","A017670","SK텔레콤","-4.68665571275838E-02","OK","206"
"2023-01-10","ALL","OP(12MF_1M_CHG)","A017800","현대엘리베이터","","BLANK","207"
"2023-01-10","ALL","OP(12MF_1M_CHG)","A017810","풀무원",".205128205128206","OK","208"
"2023-01-10","ALL","OP(12MF_1M_CHG)","A017940","E1","","BLANK","209"
"2023-01-10","ALL","OP(12MF_1M_CHG)","A017960","한국카본","2.55615801704106","OK","210"
"2023-01-10","ALL","OP(12MF_1M_CHG)","A018250","애경산업","-.266557309821617","OK","211"
"2023-01-10","ALL","OP(12MF_1M_CHG)","A018260","삼성에스디에스","-1.33722318545667","OK","212"
"2023-01-10","ALL","OP(12MF_1M_CHG)","A018310","삼목에스폼","","BLANK","213"
"2023-01-10","ALL","OP(12MF_1M_CHG)","A018470","조일알미늄","","BLANK","214"
"2023-01-10","ALL","OP(12MF_1M_CHG)","A018670","SK가스",".920993227990967","OK","215"
"2023-01-10","ALL","OP(12MF_1M_CHG)","A018880","한온시스템","4.14851690520655E-02","OK","216"
"2023-01-10","ALL","OP(12MF_1M_CHG)","A019170","신풍제약","","BLANK","217"
"2023-01-10","ALL","OP(12MF_1M_CHG)","A020000","한섬","-.967020681945231","OK","218"
"2023-01-10","ALL","OP(12MF_1M_CHG)","A020120","키다리스튜디오","","BLANK","219"
"2023-01-10","ALL","OP(12MF_1M_CHG)","A020150","롯데에너지머티리얼즈","3.14814814814816","OK","220"
"2023-01-10","ALL","OP(12MF_1M_CHG)","A020560","아시아나항공","-.774535809018572","OK","221"
"2023-01-10","ALL","OP(12MF_1M_CHG)","A021240","코웨이","1.18295081967213","OK","222"
"2023-01-10","ALL","OP(12MF_1M_CHG)","A022100","포스코DX","","BLANK","223"
"2023-01-10","ALL","OP(12MF_1M_CHG)","A023160","태광","-1.83423913043479","OK","224"
"2023-01-10","ALL","OP(12MF_1M_CHG)","A023410","유진기업","","BLANK","225"
"2023-01-10","ALL","OP(12MF_1M_CHG)","A023530","롯데쇼핑","2.76022163105547","OK","226"
"2023-01-10","ALL","OP(12MF_1M_CHG)","A023590","다우기술","","BLANK","227"
"2023-01-10","ALL","OP(12MF_1M_CHG)","A024110","기업은행","2.66578130786223","OK","228"
"2023-01-10","ALL","OP(12MF_1M_CHG)","A024720","콜마홀딩스","","BLANK","229"
"2023-01-10","ALL","OP(12MF_1M_CHG)","A025540","한국단자",".507692307692305","OK","230"
"2023-01-10","ALL","OP(12MF_1M_CHG)","A025770","한국정보통신","","BLANK","231"
"2023-01-10","ALL","OP(12MF_1M_CHG)","A025860","남해화학","","BLANK","232"
"2023-01-10","ALL","OP(12MF_1M_CHG)","A025900","동화기업","2.30627306273063","OK","233"
"2023-01-10","ALL","OP(12MF_1M_CHG)","A025980","아난티","-11.5003717472119","OK","234"
"2023-01-10","ALL","OP(12MF_1M_CHG)","A026960","동서","","BLANK","235"
"2023-01-10","ALL","OP(12MF_1M_CHG)","A027360","아주IB투자","","BLANK","236"
"2023-01-10","ALL","OP(12MF_1M_CHG)","A027410","BGF",".864583333333332","OK","237"
"2023-01-10","ALL","OP(12MF_1M_CHG)","A028050","삼성E&A","1.24630929242273","OK","238"
"2023-01-10","ALL","OP(12MF_1M_CHG)","A028260","삼성물산","1.5397555044802","OK","239"
"2023-01-10","ALL","OP(12MF_1M_CHG)","A028300","HLB","","BLANK","240"
"2023-01-10","ALL","OP(12MF_1M_CHG)","A028670","팬오션","-1.9034409880457","OK","241"
"2023-01-10","ALL","OP(12MF_1M_CHG)","A029530","신도리코","","BLANK","242"
"2023-01-10","ALL","OP(12MF_1M_CHG)","A029780","삼성카드",".262452612722701","OK","243"
"2023-01-10","ALL","OP(12MF_1M_CHG)","A030000","제일기획",".288901372281529","OK","244"
"2023-01-10","ALL","OP(12MF_1M_CHG)","A030190","NICE평가정보",".311688311688305","OK","245"
"2023-01-10","ALL","OP(12MF_1M_CHG)","A030200","KT","-.359524468969044","OK","246"
"2023-01-10","ALL","OP(12MF_1M_CHG)","A030520","한컴","-10.7411630558723","OK","247"
"2023-01-10","ALL","OP(12MF_1M_CHG)","A030530","원익홀딩스","","BLANK","248"
"2023-01-10","ALL","OP(12MF_1M_CHG)","A030610","교보증권","","BLANK","249"
"2023-01-10","ALL","OP(12MF_1M_CHG)","A030960","양지사","","BLANK","250"
"2023-01-10","ALL","OP(12MF_1M_CHG)","A031330","에스에이엠티","","BLANK","251"
"2023-01-10","ALL","OP(12MF_1M_CHG)","A031430","신세계인터내셔날","-.217296827466327","OK","252"
"2023-01-10","ALL","OP(12MF_1M_CHG)","A032190","다우데이타","","BLANK","253"
"2023-01-10","ALL","OP(12MF_1M_CHG)","A032350","롯데관광개발","10.4004929143561","OK","254"
"2023-01-10","ALL","OP(12MF_1M_CHG)","A032500","케이엠더블유","","BLANK","255"
"2023-01-10","ALL","OP(12MF_1M_CHG)","A032620","GC메디아이","","BLANK","256"
"2023-01-10","ALL","OP(12MF_1M_CHG)","A032640","LG유플러스",".147769407199916","OK","257"
"2023-01-10","ALL","OP(12MF_1M_CHG)","A032830","삼성생명","-27.3009708737864","OK","258"
"2023-01-10","ALL","OP(12MF_1M_CHG)","A033160","엠케이전자","","BLANK","259"
"2023-01-10","ALL","OP(12MF_1M_CHG)","A033240","자화전자","-19.0536277602524","OK","260"
"2023-01-10","ALL","OP(12MF_1M_CHG)","A033270","유나이티드제약","","BLANK","261"
"2023-01-10","ALL","OP(12MF_1M_CHG)","A033290","로젠","","BLANK","262"
"2023-01-10","ALL","OP(12MF_1M_CHG)","A033500","동성화인텍","3.77510040160643","OK","263"
"2023-01-10","ALL","OP(12MF_1M_CHG)","A033640","네패스","","BLANK","264"
"2023-01-10","ALL","OP(12MF_1M_CHG)","A033780","KT&G","2.14401129713362","OK","265"
"2023-01-10","ALL","OP(12MF_1M_CHG)","A034020","두산에너빌리티",".686813186813187","OK","266"
"2023-01-10","ALL","OP(12MF_1M_CHG)","A034120","SBS","-.184182619858226","OK","267"
"2023-01-10","ALL","OP(12MF_1M_CHG)","A034220","LG디스플레이","-24.2435243506199","OK","268"
"2023-01-10","ALL","OP(12MF_1M_CHG)","A034230","파라다이스","2.45996958583058","OK","269"
"2023-01-10","ALL","OP(12MF_1M_CHG)","A034310","NICE","","BLANK","270"
"2023-01-10","ALL","OP(12MF_1M_CHG)","A034730","SK",".160352845427233","OK","271"
"2023-01-10","ALL","OP(12MF_1M_CHG)","A034810","해성산업","","BLANK","272"
"2023-01-10","ALL","OP(12MF_1M_CHG)","A034830","한국토지신탁","","BLANK","273"
"2023-01-10","ALL","OP(12MF_1M_CHG)","A034950","한국기업평가","","BLANK","274"
"2023-01-10","ALL","OP(12MF_1M_CHG)","A035250","강원랜드","-.249837062785148","OK","275"
"2023-01-10","ALL","OP(12MF_1M_CHG)","A035420","NAVER","1.55653450807636","OK","276"
"2023-01-10","ALL","OP(12MF_1M_CHG)","A035600","KG이니시스",".895061728395059","OK","277"
"2023-01-10","ALL","OP(12MF_1M_CHG)","A035720","카카오",".979773612915192","OK","278"
"2023-01-10","ALL","OP(12MF_1M_CHG)","A035760","CJ ENM",".804160979748426","OK","279"
"2023-01-10","ALL","OP(12MF_1M_CHG)","A035890","서희건설","","BLANK","280"
"2023-01-10","ALL","OP(12MF_1M_CHG)","A035900","JYP Ent.","2.10926135445288","OK","281"
"2023-01-10","ALL","OP(12MF_1M_CHG)","A036030","케이티알파","","BLANK","282"
"2023-01-10","ALL","OP(12MF_1M_CHG)","A036420","콘텐트리중앙","4.06636304489265","OK","283"
"2023-01-10","ALL","OP(12MF_1M_CHG)","A036460","한국가스공사","1.28091930999039","OK","284"
"2023-01-10","ALL","OP(12MF_1M_CHG)","A036530","SNT홀딩스","","BLANK","285"
"2023-01-10","ALL","OP(12MF_1M_CHG)","A036540","SFA반도체","1.14285714285715","OK","286"
"2023-01-10","ALL","OP(12MF_1M_CHG)","A036570","NC","1.23631908960492","OK","287"
"2023-01-10","ALL","OP(12MF_1M_CHG)","A036800","나이스정보통신",".548187444739173","OK","288"
"2023-01-10","ALL","OP(12MF_1M_CHG)","A036810","에프에스티","","BLANK","289"
"2023-01-10","ALL","OP(12MF_1M_CHG)","A036830","솔브레인홀딩스","","BLANK","290"
"2023-01-10","ALL","OP(12MF_1M_CHG)","A036890","진성티이씨","1.44444444444445","OK","291"
"2023-01-10","ALL","OP(12MF_1M_CHG)","A036930","주성엔지니어링","-5.484298982751","OK","292"
"2023-01-10","ALL","OP(12MF_1M_CHG)","A037070","파세코","","BLANK","293"
"2023-01-10","ALL","OP(12MF_1M_CHG)","A037270","YG PLUS","","BLANK","294"
"2023-01-10","ALL","OP(12MF_1M_CHG)","A037560","LG헬로비전",".599828620394176","OK","295"
"2023-01-10","ALL","OP(12MF_1M_CHG)","A037710","광주신세계","","BLANK","296"
"2023-01-10","ALL","OP(12MF_1M_CHG)","A038500","삼표시멘트","2.76679841897233","OK","297"
"2023-01-10","ALL","OP(12MF_1M_CHG)","A038540","상상인","","BLANK","298"
"2023-01-10","ALL","OP(12MF_1M_CHG)","A039030","이오테크닉스","-15.6126126126126","OK","299"
"2023-01-10","ALL","OP(12MF_1M_CHG)","A039130","하나투어","18.2192910140148","OK","300"
"2023-01-10","ALL","OP(12MF_1M_CHG)","A039200","오스코텍","","BLANK","301"
"2023-01-10","ALL","OP(12MF_1M_CHG)","A039490","키움증권",".754625449743296","OK","302"
"2023-01-10","ALL","OP(12MF_1M_CHG)","A039840","디오","","BLANK","303"
"2023-01-10","ALL","OP(12MF_1M_CHG)","A041190","우리기술투자","","BLANK","304"
"2023-01-10","ALL","OP(12MF_1M_CHG)","A041510","에스엠",".716845878136197","OK","305"
"2023-01-10","ALL","OP(12MF_1M_CHG)","A041830","인바디","2.71889400921659","OK","306"
"2023-01-10","ALL","OP(12MF_1M_CHG)","A041960","코미팜","","BLANK","307"
"2023-01-10","ALL","OP(12MF_1M_CHG)","A042660","한화오션","5.44560749247785","OK","308"
"2023-01-10","ALL","OP(12MF_1M_CHG)","A042700","한미반도체","2.00177147918511","OK","309"
"2023-01-10","ALL","OP(12MF_1M_CHG)","A043150","바텍","2.05996795605403","OK","310"
"2023-01-10","ALL","OP(12MF_1M_CHG)","A045100","한양이엔지","","BLANK","311"
"2023-01-10","ALL","OP(12MF_1M_CHG)","A046890","서울반도체","4.57348406988695","OK","312"
"2023-01-10","ALL","OP(12MF_1M_CHG)","A047040","대우건설","-2.61052572894018","OK","313"
"2023-01-10","ALL","OP(12MF_1M_CHG)","A047050","포스코인터내셔널","3.99270918002906","OK","314"
"2023-01-10","ALL","OP(12MF_1M_CHG)","A047810","한국항공우주","2.92598393708136","OK","315"
"2023-01-10","ALL","OP(12MF_1M_CHG)","A047920","HLB제약","","BLANK","316"
"2023-01-10","ALL","OP(12MF_1M_CHG)","A048410","현대바이오","","BLANK","317"
"2023-01-10","ALL","OP(12MF_1M_CHG)","A048530","인트론바이오","","BLANK","318"
"2023-01-10","ALL","OP(12MF_1M_CHG)","A048550","SM C&C","","BLANK","319"
"2023-01-10","ALL","OP(12MF_1M_CHG)","A049070","인탑스","-.952642667399474","OK","320"
"2023-01-10","ALL","OP(12MF_1M_CHG)","A050890","쏠리드","1.99421965317918","OK","321"
"2023-01-10","ALL","OP(12MF_1M_CHG)","A051500","CJ프레시웨이","3.79444032005279","OK","322"
"2023-01-10","ALL","OP(12MF_1M_CHG)","A051600","한전KPS","1.61838705290357","OK","323"
"2023-01-10","ALL","OP(12MF_1M_CHG)","A051900","LG생활건강","-1.01061196375142","OK","324"
"2023-01-10","ALL","OP(12MF_1M_CHG)","A051910","LG화학",".957255393747714","OK","325"
"2023-01-10","ALL","OP(12MF_1M_CHG)","A052020","에스티큐브","","BLANK","326"
"2023-01-10","ALL","OP(12MF_1M_CHG)","A052400","코나아이","","BLANK","327"
"2023-01-10","ALL","OP(12MF_1M_CHG)","A052690","한전기술","9.54810495626821","OK","328"
"2023-01-10","ALL","OP(12MF_1M_CHG)","A052710","아모텍","12.0117597648047","OK","329"
"2023-01-10","ALL","OP(12MF_1M_CHG)","A053030","바이넥스","-6.83823529411764","OK","330"
"2023-01-10","ALL","OP(12MF_1M_CHG)","A053210","스카이라이프","-2.97653674617026","OK","331"
"2023-01-10","ALL","OP(12MF_1M_CHG)","A053690","한미글로벌","","BLANK","332"
"2023-01-10","ALL","OP(12MF_1M_CHG)","A053800","안랩","","BLANK","333"
"2023-01-10","ALL","OP(12MF_1M_CHG)","A054210","이랜텍","1.5713522180652","OK","334"
"2023-01-10","ALL","OP(12MF_1M_CHG)","A054620","APS","","BLANK","335"
"2023-01-10","ALL","OP(12MF_1M_CHG)","A054950","제이브이엠","","BLANK","336"
"2023-01-10","ALL","OP(12MF_1M_CHG)","A055550","신한지주","-.293519460109083","OK","337"
"2023-01-10","ALL","OP(12MF_1M_CHG)","A056190","SFA","-1.05811358187981","OK","338"
"2023-01-10","ALL","OP(12MF_1M_CHG)","A057050","현대홈쇼핑","","BLANK","339"
"2023-01-10","ALL","OP(12MF_1M_CHG)","A058470","리노공업","1.40845070422535","OK","340"
"2023-01-10","ALL","OP(12MF_1M_CHG)","A058610","에스피지",".800000000000003","OK","341"
"2023-01-10","ALL","OP(12MF_1M_CHG)","A058650","세아홀딩스","","BLANK","342"
"2023-01-10","ALL","OP(12MF_1M_CHG)","A058820","CMG제약","","BLANK","343"
"2023-01-10","ALL","OP(12MF_1M_CHG)","A059090","미코","","BLANK","344"
"2023-01-10","ALL","OP(12MF_1M_CHG)","A060150","인선이엔티","1.37507933149989","OK","345"
"2023-01-10","ALL","OP(12MF_1M_CHG)","A060250","NHN KCP","1.30305286671631","OK","346"
"2023-01-10","ALL","OP(12MF_1M_CHG)","A060280","큐렉소","","BLANK","347"
"2023-01-10","ALL","OP(12MF_1M_CHG)","A060720","KH바텍","1.44834930777423","OK","348"
"2023-01-10","ALL","OP(12MF_1M_CHG)","A060980","HL홀딩스","1.17303953337654","OK","349"
"2023-01-10","ALL","OP(12MF_1M_CHG)","A061970","LB세미콘",".984743411927889","OK","350"
"2023-01-10","ALL","OP(12MF_1M_CHG)","A063080","컴투스홀딩스","7.93103448275864","OK","351"
"2023-01-10","ALL","OP(12MF_1M_CHG)","A063170","서울옥션","","BLANK","352"
"2023-01-10","ALL","OP(12MF_1M_CHG)","A064260","다날","","BLANK","353"
"2023-01-10","ALL","OP(12MF_1M_CHG)","A064350","현대로템","3.73040752351096","OK","354"
"2023-01-10","ALL","OP(12MF_1M_CHG)","A064550","바이오니아","","BLANK","355"
"2023-01-10","ALL","OP(12MF_1M_CHG)","A064760","티씨케이","1.85401359609972","OK","356"
"2023-01-10","ALL","OP(12MF_1M_CHG)","A064960","SNT모티브",".370174510840826","OK","357"
"2023-01-10","ALL","OP(12MF_1M_CHG)","A066570","LG전자","-7.5353416256056","OK","358"
"2023-01-10","ALL","OP(12MF_1M_CHG)","A066970","엘앤에프","4.62428857098907","OK","359"
"2023-01-10","ALL","OP(12MF_1M_CHG)","A067000","조이시티","4.84949832775921","OK","360"
"2023-01-10","ALL","OP(12MF_1M_CHG)","A067160","SOOP","-1.87362965915887","OK","361"
"2023-01-10","ALL","OP(12MF_1M_CHG)","A067310","하나마이크론","","BLANK","362"
"2023-01-10","ALL","OP(12MF_1M_CHG)","A067630","HLB생명과학","","BLANK","363"
"2023-01-10","ALL","OP(12MF_1M_CHG)","A068240","다원시스","","BLANK","364"
"2023-01-10","ALL","OP(12MF_1M_CHG)","A068270","셀트리온","1.50576564887094","OK","365"
"2023-01-10","ALL","OP(12MF_1M_CHG)","A068760","셀트리온제약","","BLANK","366"
"2023-01-10","ALL","OP(12MF_1M_CHG)","A069080","웹젠","1.86316432498473","OK","367"
"2023-01-10","ALL","OP(12MF_1M_CHG)","A069260","TKG휴켐스","","BLANK","368"
"2023-01-10","ALL","OP(12MF_1M_CHG)","A069620","대웅제약","1.80586907449209","OK","369"
"2023-01-10","ALL","OP(12MF_1M_CHG)","A069960","현대백화점",".613392400749701","OK","370"
"2023-01-10","ALL","OP(12MF_1M_CHG)","A071050","한국금융지주",".255299474324319","OK","371"
"2023-01-10","ALL","OP(12MF_1M_CHG)","A071320","지역난방공사","9.69757064947943","OK","372"
"2023-01-10","ALL","OP(12MF_1M_CHG)","A071840","롯데하이마트","-16.7229096362955","OK","373"
"2023-01-10","ALL","OP(12MF_1M_CHG)","A072710","농심홀딩스","","BLANK","374"
"2023-01-10","ALL","OP(12MF_1M_CHG)","A073240","금호타이어","3.90425531914894","OK","375"
"2023-01-10","ALL","OP(12MF_1M_CHG)","A073570","리튬포어스","","BLANK","376"
"2023-01-10","ALL","OP(12MF_1M_CHG)","A074600","원익QnC","2.21326545043136","OK","377"
"2023-01-10","ALL","OP(12MF_1M_CHG)","A074610","이엔플러스","","BLANK","378"
"2023-01-10","ALL","OP(12MF_1M_CHG)","A075580","세진중공업","-3.91228070175438","OK","379"
"2023-01-10","ALL","OP(12MF_1M_CHG)","A077970","STX엔진","","BLANK","380"
"2023-01-10","ALL","OP(12MF_1M_CHG)","A078020","LS증권","","BLANK","381"
"2023-01-10","ALL","OP(12MF_1M_CHG)","A078070","유비쿼스홀딩스","","BLANK","382"
"2023-01-10","ALL","OP(12MF_1M_CHG)","A078130","국일제지","","BLANK","383"
"2023-01-10","ALL","OP(12MF_1M_CHG)","A078340","컴투스","-13.5359675785208","OK","384"
"2023-01-10","ALL","OP(12MF_1M_CHG)","A078590","휴림에이텍","","BLANK","385"
"2023-01-10","ALL","OP(12MF_1M_CHG)","A078600","대주전자재료","7.09790209790209","OK","386"
"2023-01-10","ALL","OP(12MF_1M_CHG)","A078930","GS","-.649079374903297","OK","387"
"2023-01-10","ALL","OP(12MF_1M_CHG)","A079160","CJ CGV","2.29102167182663","OK","388"
"2023-01-10","ALL","OP(12MF_1M_CHG)","A079370","제우스","1.35338345864661","OK","389"
"2023-01-10","ALL","OP(12MF_1M_CHG)","A079550","LIG디펜스앤에어로스페이스","-.783035638703121","OK","390"
"2023-01-10","ALL","OP(12MF_1M_CHG)","A080160","모두투어","7.0533948582729","OK","391"
"2023-01-10","ALL","OP(12MF_1M_CHG)","A080580","오킨스전자","","BLANK","392"
"2023-01-10","ALL","OP(12MF_1M_CHG)","A081660","미스토홀딩스","-.148756183238949","OK","393"
"2023-01-10","ALL","OP(12MF_1M_CHG)","A082270","젬백스","","BLANK","394"
"2023-01-10","ALL","OP(12MF_1M_CHG)","A082640","동양생명","3.24813409498394","OK","395"
"2023-01-10","ALL","OP(12MF_1M_CHG)","A082740","한화엔진","4.71036585365854","OK","396"
"2023-01-10","ALL","OP(12MF_1M_CHG)","A082920","비츠로셀","1.58940397350994","OK","397"
"2023-01-10","ALL","OP(12MF_1M_CHG)","A084010","대한제강","-.928826600714481","OK","398"
"2023-01-10","ALL","OP(12MF_1M_CHG)","A084370","유진테크","-.13910355486863","OK","399"
"2023-01-10","ALL","OP(12MF_1M_CHG)","A084690","대상홀딩스","","BLANK","400"
"2023-01-10","ALL","OP(12MF_1M_CHG)","A084850","아이티엠반도체","","BLANK","401"
"2023-01-10","ALL","OP(12MF_1M_CHG)","A084990","헬릭스미스","","BLANK","402"
"2023-01-10","ALL","OP(12MF_1M_CHG)","A085620","미래에셋생명","","BLANK","403"
"2023-01-10","ALL","OP(12MF_1M_CHG)","A085660","차바이오텍","","BLANK","404"
"2023-01-10","ALL","OP(12MF_1M_CHG)","A086280","현대글로비스","1.26896283056053","OK","405"
"2023-01-10","ALL","OP(12MF_1M_CHG)","A086450","동국제약","1.84374279787969","OK","406"
"2023-01-10","ALL","OP(12MF_1M_CHG)","A086520","에코프로","2.61019283746557","OK","407"
"2023-01-10","ALL","OP(12MF_1M_CHG)","A086790","하나금융지주",".811774035722606","OK","408"
"2023-01-10","ALL","OP(12MF_1M_CHG)","A086900","메디톡스","-4.17362270450751","OK","409"
"2023-01-10","ALL","OP(12MF_1M_CHG)","A088350","한화생명","","BLANK","410"
"2023-01-10","ALL","OP(12MF_1M_CHG)","A088800","에이스테크","","BLANK","411"
"2023-01-10","ALL","OP(12MF_1M_CHG)","A089590","제주항공","2.1110242376857","OK","412"
"2023-01-10","ALL","OP(12MF_1M_CHG)","A089600","KT나스미디어","1.89451022604951","OK","413"
"2023-01-10","ALL","OP(12MF_1M_CHG)","A089860","롯데렌탈",".739640576266155","OK","414"
"2023-01-10","ALL","OP(12MF_1M_CHG)","A089970","브이엠","","BLANK","415"
"2023-01-10","ALL","OP(12MF_1M_CHG)","A089980","상아프론테크","1.78343949044587","OK","416"
"2023-01-10","ALL","OP(12MF_1M_CHG)","A090430","아모레퍼시픽",".580935497068047","OK","417"
"2023-01-10","ALL","OP(12MF_1M_CHG)","A090460","비에이치","1.17287098419174","OK","418"
"2023-01-10","ALL","OP(12MF_1M_CHG)","A090710","휴림로봇","","BLANK","419"
"2023-01-10","ALL","OP(12MF_1M_CHG)","A091120","이엠텍","","BLANK","420"
"2023-01-10","ALL","OP(12MF_1M_CHG)","A091700","파트론","1.19374313940725","OK","421"
"2023-01-10","ALL","OP(12MF_1M_CHG)","A091810","트리니티항공","1.52380952380953","OK","422"
"2023-01-10","ALL","OP(12MF_1M_CHG)","A092040","아미코젠","","BLANK","423"
"2023-01-10","ALL","OP(12MF_1M_CHG)","A092220","KEC","2.79220779220779","OK","424"
"2023-01-10","ALL","OP(12MF_1M_CHG)","A093050","LF","","BLANK","425"
"2023-01-10","ALL","OP(12MF_1M_CHG)","A093320","케이아이엔엑스",".586319218241041","OK","426"
"2023-01-10","ALL","OP(12MF_1M_CHG)","A093370","후성","-16.8210361067504","OK","427"
"2023-01-10","ALL","OP(12MF_1M_CHG)","A095340","ISC","1.65835411471321","OK","428"
"2023-01-10","ALL","OP(12MF_1M_CHG)","A095500","미래나노텍","","BLANK","429"
"2023-01-10","ALL","OP(12MF_1M_CHG)","A095570","AJ네트웍스","1.00111234705227","OK","430"
"2023-01-10","ALL","OP(12MF_1M_CHG)","A095610","테스","11.6659672681494","OK","431"
"2023-01-10","ALL","OP(12MF_1M_CHG)","A095660","네오위즈","-2.77777777777778","OK","432"
"2023-01-10","ALL","OP(12MF_1M_CHG)","A095700","제넥신","","BLANK","433"
"2023-01-10","ALL","OP(12MF_1M_CHG)","A095720","웅진씽크빅","1.28031037827353","OK","434"
"2023-01-10","ALL","OP(12MF_1M_CHG)","A096530","씨젠","-.153027763608525","OK","435"
"2023-01-10","ALL","OP(12MF_1M_CHG)","A096770","SK이노베이션","-3.80073365368115","OK","436"
"2023-01-10","ALL","OP(12MF_1M_CHG)","A097230","HJ중공업","","BLANK","437"
"2023-01-10","ALL","OP(12MF_1M_CHG)","A097520","엠씨넥스","5.90670714877174","OK","438"
"2023-01-10","ALL","OP(12MF_1M_CHG)","A097950","CJ제일제당","-.200450749038843","OK","439"
"2023-01-10","ALL","OP(12MF_1M_CHG)","A098460","고영",".953805872451838","OK","440"
"2023-01-10","ALL","OP(12MF_1M_CHG)","A099190","아이센스","1.47058823529411","OK","441"
"2023-01-10","ALL","OP(12MF_1M_CHG)","A099320","쎄트렉아이","","BLANK","442"
"2023-01-10","ALL","OP(12MF_1M_CHG)","A099430","바이오플러스","-2.44094488188976","OK","443"
"2023-01-10","ALL","OP(12MF_1M_CHG)","A100090","SK오션플랜트","1.58405172413793","OK","444"
"2023-01-10","ALL","OP(12MF_1M_CHG)","A100120","뷰웍스","1.33204633204634","OK","445"
"2023-01-10","ALL","OP(12MF_1M_CHG)","A100130","동국S&C","8.24817518248176","OK","446"
"2023-01-10","ALL","OP(12MF_1M_CHG)","A101160","월덱스","-.720807304180687","OK","447"
"2023-01-10","ALL","OP(12MF_1M_CHG)","A101360","에코앤드림","","BLANK","448"
"2023-01-10","ALL","OP(12MF_1M_CHG)","A101490","에스앤에스텍","","BLANK","449"
"2023-01-10","ALL","OP(12MF_1M_CHG)","A101670","하이드로리튬","","BLANK","450"
"2023-01-10","ALL","OP(12MF_1M_CHG)","A101730","위메이드맥스","","BLANK","451"
"2023-01-10","ALL","OP(12MF_1M_CHG)","A102460","이연제약","","BLANK","452"
"2023-01-10","ALL","OP(12MF_1M_CHG)","A102710","이엔에프테크놀로지","","BLANK","453"
"2023-01-10","ALL","OP(12MF_1M_CHG)","A102940","코오롱생명과학","","BLANK","454"
"2023-01-10","ALL","OP(12MF_1M_CHG)","A103140","풍산","5.27761776044668","OK","455"
"2023-01-10","ALL","OP(12MF_1M_CHG)","A104460","디와이피엔에프","","BLANK","456"
"2023-01-10","ALL","OP(12MF_1M_CHG)","A104480","티케이케미칼","","BLANK","457"
"2023-01-10","ALL","OP(12MF_1M_CHG)","A104700","한국철강","1.26170527353376","OK","458"
"2023-01-10","ALL","OP(12MF_1M_CHG)","A104830","원익머트리얼즈","-.411233701103306","OK","459"
"2023-01-10","ALL","OP(12MF_1M_CHG)","A105560","KB금융","5.59624002623259E-02","OK","460"
"2023-01-10","ALL","OP(12MF_1M_CHG)","A105630","한세실업","-4.89803241432929","OK","461"
"2023-01-10","ALL","OP(12MF_1M_CHG)","A107600","새빗켐","11.0294117647059","OK","462"
"2023-01-10","ALL","OP(12MF_1M_CHG)","A108230","톱텍","","BLANK","463"
"2023-01-10","ALL","OP(12MF_1M_CHG)","A108320","LX세미콘","1.05071538068473","OK","464"
"2023-01-10","ALL","OP(12MF_1M_CHG)","A108490","로보티즈","","BLANK","465"
"2023-01-10","ALL","OP(12MF_1M_CHG)","A108670","LX하우시스","3.21572130415363","OK","466"
"2023-01-10","ALL","OP(12MF_1M_CHG)","A111770","영원무역","-1.86447271731769","OK","467"
"2023-01-10","ALL","OP(12MF_1M_CHG)","A112040","위메이드","4.02048376552626","OK","468"
"2023-01-10","ALL","OP(12MF_1M_CHG)","A112610","씨에스윈드","3.39131607335491","OK","469"
"2023-01-10","ALL","OP(12MF_1M_CHG)","A114090","GKL",".979846342278138","OK","470"
"2023-01-10","ALL","OP(12MF_1M_CHG)","A115450","HLB테라퓨틱스","","BLANK","471"
"2023-01-10","ALL","OP(12MF_1M_CHG)","A118990","모트렉스","1.21464515009543","OK","472"
"2023-01-10","ALL","OP(12MF_1M_CHG)","A119610","인터로조","2.643391521197","OK","473"
"2023-01-10","ALL","OP(12MF_1M_CHG)","A120110","코오롱인더","2.17330342120022","OK","474"
"2023-01-10","ALL","OP(12MF_1M_CHG)","A121600","나노신소재","6.86190066035027","OK","475"
"2023-01-10","ALL","OP(12MF_1M_CHG)","A122450","KX","","BLANK","476"
"2023-01-10","ALL","OP(12MF_1M_CHG)","A122870","와이지엔터테인먼트",".18568775889158","OK","477"
"2023-01-10","ALL","OP(12MF_1M_CHG)","A122900","아이마켓코리아","1.53333333333334","OK","478"
"2023-01-10","ALL","OP(12MF_1M_CHG)","A123860","아나패스","","BLANK","479"
"2023-01-10","ALL","OP(12MF_1M_CHG)","A123890","한국자산신탁","1.45876288659794","OK","480"
"2023-01-10","ALL","OP(12MF_1M_CHG)","A126560","현대퓨처넷","","BLANK","481"
"2023-01-10","ALL","OP(12MF_1M_CHG)","A126700","하이비젼시스템","","BLANK","482"
"2023-01-10","ALL","OP(12MF_1M_CHG)","A126720","수산인더스트리","","BLANK","483"
"2023-01-10","ALL","OP(12MF_1M_CHG)","A128940","한미약품","5.06581571599521","OK","484"
"2023-01-10","ALL","OP(12MF_1M_CHG)","A130660","한전산업","","BLANK","485"
"2023-01-10","ALL","OP(12MF_1M_CHG)","A131290","티에스이","2.34730538922155","OK","486"
"2023-01-10","ALL","OP(12MF_1M_CHG)","A131970","두산테스나","","BLANK","487"
"2023-01-10","ALL","OP(12MF_1M_CHG)","A136480","하림","","BLANK","488"
"2023-01-10","ALL","OP(12MF_1M_CHG)","A137310","에스디바이오센서","-3.46267048842892","OK","489"
"2023-01-10","ALL","OP(12MF_1M_CHG)","A137400","피엔티","-.483549824594676","OK","490"
"2023-01-10","ALL","OP(12MF_1M_CHG)","A138040","메리츠금융지주","","BLANK","491"
"2023-01-10","ALL","OP(12MF_1M_CHG)","A138930","BNK금융지주",".827859121487933","OK","492"
"2023-01-10","ALL","OP(12MF_1M_CHG)","A139130","iM금융지주",".090570058604164","OK","493"
"2023-01-10","ALL","OP(12MF_1M_CHG)","A139480","이마트","-1.31853995819262","OK","494"
"2023-01-10","ALL","OP(12MF_1M_CHG)","A140410","메지온","","BLANK","495"
"2023-01-10","ALL","OP(12MF_1M_CHG)","A140860","파크시스템스","2.1084998901823","OK","496"
"2023-01-10","ALL","OP(12MF_1M_CHG)","A141080","리가켐바이오","2.23463687150837","OK","497"
"2023-01-10","ALL","OP(12MF_1M_CHG)","A143240","사람인","","BLANK","498"
"2023-01-10","ALL","OP(12MF_1M_CHG)","A144510","지씨셀","3.7962962962963","OK","499"
"2023-01-10","ALL","OP(12MF_1M_CHG)","A145020","휴젤","2.13687282311964","OK","500"
"2023-01-10","ALL","OP(12MF_1M_CHG)","A145720","덴티움","-6.48256190846586E-02","OK","501"
"2023-01-10","ALL","OP(12MF_1M_CHG)","A145990","삼양사","","BLANK","502"
"2023-01-10","ALL","OP(12MF_1M_CHG)","A151860","KG에코솔루션","","BLANK","503"
"2023-01-10","ALL","OP(12MF_1M_CHG)","A161000","애경케미칼","","BLANK","504"
"2023-01-10","ALL","OP(12MF_1M_CHG)","A161390","한국타이어앤테크놀로지",".573044106647056","OK","505"
"2023-01-10","ALL","OP(12MF_1M_CHG)","A161890","한국콜마","2.52368020136451","OK","506"
"2023-01-10","ALL","OP(12MF_1M_CHG)","A162300","신스틸","","BLANK","507"
"2023-01-10","ALL","OP(12MF_1M_CHG)","A166090","하나머티리얼즈","3.58720241301303","OK","508"
"2023-01-10","ALL","OP(12MF_1M_CHG)","A166480","코아스템켐온","","BLANK","509"
"2023-01-10","ALL","OP(12MF_1M_CHG)","A170900","동아에스티","-5.83756345177664","OK","510"
"2023-01-10","ALL","OP(12MF_1M_CHG)","A175330","JB금융지주","1.97535295525245","OK","511"
"2023-01-10","ALL","OP(12MF_1M_CHG)","A178320","서진시스템","1.43052391799544","OK","512"
"2023-01-10","ALL","OP(12MF_1M_CHG)","A178920","PI첨단소재","1.03317811408616","OK","513"
"2023-01-10","ALL","OP(12MF_1M_CHG)","A179290","엠아이텍","","BLANK","514"
"2023-01-10","ALL","OP(12MF_1M_CHG)","A179900","유티아이","","BLANK","515"
"2023-01-10","ALL","OP(12MF_1M_CHG)","A180640","한진칼","2.00000000000001","OK","516"
"2023-01-10","ALL","OP(12MF_1M_CHG)","A181710","NHN","-.507491541807639","OK","517"
"2023-01-10","ALL","OP(12MF_1M_CHG)","A182400","엔케이젠바이오텍코리아","","BLANK","518"
"2023-01-10","ALL","OP(12MF_1M_CHG)","A183190","아세아시멘트","","BLANK","519"
"2023-01-10","ALL","OP(12MF_1M_CHG)","A183300","코미코","1.73913043478261","OK","520"
"2023-01-10","ALL","OP(12MF_1M_CHG)","A185750","종근당","-1.60589922163047","OK","521"
"2023-01-10","ALL","OP(12MF_1M_CHG)","A189300","인텔리안테크","8.22545846817693","OK","522"
"2023-01-10","ALL","OP(12MF_1M_CHG)","A192080","더블유게임즈",".400841767712187","OK","523"
"2023-01-10","ALL","OP(12MF_1M_CHG)","A192400","쿠쿠홀딩스","","BLANK","524"
"2023-01-10","ALL","OP(12MF_1M_CHG)","A192650","드림텍","","BLANK","525"
"2023-01-10","ALL","OP(12MF_1M_CHG)","A192820","코스맥스",".580377706126218","OK","526"
"2023-01-10","ALL","OP(12MF_1M_CHG)","A194480","데브시스터즈",".182633239249554","OK","527"
"2023-01-10","ALL","OP(12MF_1M_CHG)","A195870","해성디에스","-1.12859805342721","OK","528"
"2023-01-10","ALL","OP(12MF_1M_CHG)","A195940","HK이노엔","-.701391284350925","OK","529"
"2023-01-10","ALL","OP(12MF_1M_CHG)","A196170","알테오젠","-91.3428766189502","OK","530"
"2023-01-10","ALL","OP(12MF_1M_CHG)","A199800","툴젠","","BLANK","531"
"2023-01-10","ALL","OP(12MF_1M_CHG)","A200130","콜마비앤에이치","-9.15560276155072","OK","532"
"2023-01-10","ALL","OP(12MF_1M_CHG)","A200670","휴메딕스","1.83381088825215","OK","533"
"2023-01-10","ALL","OP(12MF_1M_CHG)","A204270","제이앤티씨","64.688995215311","OK","534"
"2023-01-10","ALL","OP(12MF_1M_CHG)","A204320","HL만도","1.32737257499241","OK","535"
"2023-01-10","ALL","OP(12MF_1M_CHG)","A205470","휴마시스","","BLANK","536"
"2023-01-10","ALL","OP(12MF_1M_CHG)","A206560","덱스터","","BLANK","537"
"2023-01-10","ALL","OP(12MF_1M_CHG)","A206640","바디텍메드","","BLANK","538"
"2023-01-10","ALL","OP(12MF_1M_CHG)","A206650","유바이오로직스","","BLANK","539"
"2023-01-10","ALL","OP(12MF_1M_CHG)","A207940","삼성바이오로직스","6.4109219269103","OK","540"
"2023-01-10","ALL","OP(12MF_1M_CHG)","A210980","SK디앤디","-8.54202401372213","OK","541"
"2023-01-10","ALL","OP(12MF_1M_CHG)","A213420","덕산네오룩스","3.66501740883327E-02","OK","542"
"2023-01-10","ALL","OP(12MF_1M_CHG)","A213500","한솔제지","-2.97337853609737","OK","543"
"2023-01-10","ALL","OP(12MF_1M_CHG)","A214150","클래시스","2.42136229916271","OK","544"
"2023-01-10","ALL","OP(12MF_1M_CHG)","A214320","이노션","1.00908173562059","OK","545"
"2023-01-10","ALL","OP(12MF_1M_CHG)","A214370","케어젠","","BLANK","546"
"2023-01-10","ALL","OP(12MF_1M_CHG)","A214450","파마리서치","1.58174354020768","OK","547"
"2023-01-10","ALL","OP(12MF_1M_CHG)","A215000","골프존","1.27684899637504","OK","548"
"2023-01-10","ALL","OP(12MF_1M_CHG)","A215200","메가스터디교육","1.44819690898684","OK","549"
"2023-01-10","ALL","OP(12MF_1M_CHG)","A215600","신라젠","","BLANK","550"
"2023-01-10","ALL","OP(12MF_1M_CHG)","A216080","제테마","3.79888268156424","OK","551"
"2023-01-10","ALL","OP(12MF_1M_CHG)","A217270","넵튠","","BLANK","552"
"2023-01-10","ALL","OP(12MF_1M_CHG)","A217330","싸이토젠","","BLANK","553"
"2023-01-10","ALL","OP(12MF_1M_CHG)","A217820","원익피앤이","","BLANK","554"
"2023-01-10","ALL","OP(12MF_1M_CHG)","A218410","RFHIC","14.7848317000426","OK","555"
"2023-01-10","ALL","OP(12MF_1M_CHG)","A222080","SFA넥셀","","BLANK","556"
"2023-01-10","ALL","OP(12MF_1M_CHG)","A222800","심텍",".693846418817507","OK","557"
"2023-01-10","ALL","OP(12MF_1M_CHG)","A225570","넥슨게임즈","","BLANK","558"
"2023-01-10","ALL","OP(12MF_1M_CHG)","A226320","잇츠한불","","BLANK","559"
"2023-01-10","ALL","OP(12MF_1M_CHG)","A226950","올릭스","","BLANK","560"
"2023-01-10","ALL","OP(12MF_1M_CHG)","A228670","레이","-.580720092915203","OK","561"
"2023-01-10","ALL","OP(12MF_1M_CHG)","A230240","에치에프알","1.8921568627451","OK","562"
"2023-01-10","ALL","OP(12MF_1M_CHG)","A230360","에코마케팅",".968992248062015","OK","563"
"2023-01-10","ALL","OP(12MF_1M_CHG)","A232140","와이씨","","BLANK","564"
"2023-01-10","ALL","OP(12MF_1M_CHG)","A235980","메드팩토","","BLANK","565"
"2023-01-10","ALL","OP(12MF_1M_CHG)","A237690","에스티팜","5.90525632706035","OK","566"
"2023-01-10","ALL","OP(12MF_1M_CHG)","A237880","클리오","2.01224846894139","OK","567"
"2023-01-10","ALL","OP(12MF_1M_CHG)","A240810","원익IPS","-2.09612044006947","OK","568"
"2023-01-10","ALL","OP(12MF_1M_CHG)","A241560","두산밥캣","-9.45352819177175E-02","OK","569"
"2023-01-10","ALL","OP(12MF_1M_CHG)","A241590","화승엔터프라이즈","-3.39372288849196","OK","570"
"2023-01-10","ALL","OP(12MF_1M_CHG)","A243070","휴온스","-11.3289760348584","OK","571"
"2023-01-10","ALL","OP(12MF_1M_CHG)","A243840","신흥에스이씨","4.16091954022989","OK","572"
"2023-01-10","ALL","OP(12MF_1M_CHG)","A246710","티앤알바이오팹","","BLANK","573"
"2023-01-10","ALL","OP(12MF_1M_CHG)","A247540","에코프로비엠","-.374232675097992","OK","574"
"2023-01-10","ALL","OP(12MF_1M_CHG)","A248070","솔루엠","6.41624365482233","OK","575"
"2023-01-10","ALL","OP(12MF_1M_CHG)","A249420","일동제약","","BLANK","576"
"2023-01-10","ALL","OP(12MF_1M_CHG)","A251270","넷마블","45.982028241335","OK","577"
"2023-01-10","ALL","OP(12MF_1M_CHG)","A253450","스튜디오드래곤",".978744438952046","OK","578"
"2023-01-10","ALL","OP(12MF_1M_CHG)","A256840","한국비엔씨","","BLANK","579"
"2023-01-10","ALL","OP(12MF_1M_CHG)","A259960","크래프톤","-5.49583409992904","OK","580"
"2023-01-10","ALL","OP(12MF_1M_CHG)","A263720","디앤씨미디어","39.4174757281553","OK","581"
"2023-01-10","ALL","OP(12MF_1M_CHG)","A263750","펄어비스","-4.14045057844531","OK","582"
"2023-01-10","ALL","OP(12MF_1M_CHG)","A265520","AP시스템","4.45458204749764","OK","583"
"2023-01-10","ALL","OP(12MF_1M_CHG)","A267250","HD현대",".869592781217643","OK","584"
"2023-01-10","ALL","OP(12MF_1M_CHG)","A267260","HD현대일렉트릭","6.48027618993717","OK","585"
"2023-01-10","ALL","OP(12MF_1M_CHG)","A267270","HD건설기계","2.82477025898078","OK","586"
"2023-01-10","ALL","OP(12MF_1M_CHG)","A267980","매일유업","-5.73325286662643","OK","587"
"2023-01-10","ALL","OP(12MF_1M_CHG)","A268280","미원에스씨","","BLANK","588"
"2023-01-10","ALL","OP(12MF_1M_CHG)","A271560","오리온","2.80083823647941","OK","589"
"2023-01-10","ALL","OP(12MF_1M_CHG)","A271940","일진하이솔루스","-2.75510204081634","OK","590"
"2023-01-10","ALL","OP(12MF_1M_CHG)","A271980","제일약품","","BLANK","591"
"2023-01-10","ALL","OP(12MF_1M_CHG)","A272210","한화시스템","-1.90315586605637","OK","592"
"2023-01-10","ALL","OP(12MF_1M_CHG)","A272290","이녹스첨단소재","-.413841683543188","OK","593"
"2023-01-10","ALL","OP(12MF_1M_CHG)","A272450","진에어","6.77338430295066","OK","594"
"2023-01-10","ALL","OP(12MF_1M_CHG)","A272550","삼양패키징","","BLANK","595"
"2023-01-10","ALL","OP(12MF_1M_CHG)","A277810","레인보우로보틱스","13.6111111111111","OK","596"
"2023-01-10","ALL","OP(12MF_1M_CHG)","A278280","천보","4.18914630276102","OK","597"
"2023-01-10","ALL","OP(12MF_1M_CHG)","A278650","HLB바이오스텝","","BLANK","598"
"2023-01-10","ALL","OP(12MF_1M_CHG)","A280360","롯데웰푸드","2.59449652252797","OK","599"
"2023-01-10","ALL","OP(12MF_1M_CHG)","A281740","레이크머티리얼즈","1.87096774193548","OK","600"
"2023-01-10","ALL","OP(12MF_1M_CHG)","A281820","케이씨텍","","BLANK","601"
"2023-01-10","ALL","OP(12MF_1M_CHG)","A282330","BGF리테일","1.52433066249756","OK","602"
"2023-01-10","ALL","OP(12MF_1M_CHG)","A284740","쿠쿠홈시스","","BLANK","603"
"2023-01-10","ALL","OP(12MF_1M_CHG)","A285130","SK케미칼","","BLANK","604"
"2023-01-10","ALL","OP(12MF_1M_CHG)","A286940","롯데이노베이트","8.71902758298269","OK","605"
"2023-01-10","ALL","OP(12MF_1M_CHG)","A289220","자이언트스텝","","BLANK","606"
"2023-01-10","ALL","OP(12MF_1M_CHG)","A290650","엘앤씨바이오","","BLANK","607"
"2023-01-10","ALL","OP(12MF_1M_CHG)","A290670","대보마그네틱","2.97468354430379","OK","608"
"2023-01-10","ALL","OP(12MF_1M_CHG)","A293480","하나제약","-2.85","OK","609"
"2023-01-10","ALL","OP(12MF_1M_CHG)","A293490","카카오게임즈","-1.98948594453363","OK","610"
"2023-01-10","ALL","OP(12MF_1M_CHG)","A294090","이오플로우","","BLANK","611"
"2023-01-10","ALL","OP(12MF_1M_CHG)","A294570","쿠콘","2.61538461538461","OK","612"
"2023-01-10","ALL","OP(12MF_1M_CHG)","A294870","IPARK현대산업개발","","BLANK","613"
"2023-01-10","ALL","OP(12MF_1M_CHG)","A298000","효성화학","32.9798356982823","OK","614"
"2023-01-10","ALL","OP(12MF_1M_CHG)","A298020","효성티앤씨","-15.2739707438869","OK","615"
"2023-01-10","ALL","OP(12MF_1M_CHG)","A298040","효성중공업","7.78816199376977E-02","OK","616"
"2023-01-10","ALL","OP(12MF_1M_CHG)","A298050","HS효성첨단소재","-5.83627902245506","OK","617"
"2023-01-10","ALL","OP(12MF_1M_CHG)","A298380","에이비엘바이오","6.45454545454546","OK","618"
"2023-01-10","ALL","OP(12MF_1M_CHG)","A298540","더네이쳐홀딩스",".410406742396484","OK","619"
"2023-01-10","ALL","OP(12MF_1M_CHG)","A298690","에어부산","","BLANK","620"
"2023-01-10","ALL","OP(12MF_1M_CHG)","A299030","하나기술","4.73537604456825","OK","621"
"2023-01-10","ALL","OP(12MF_1M_CHG)","A299900","위지윅스튜디오","18.6538461538461","OK","622"
"2023-01-10","ALL","OP(12MF_1M_CHG)","A300720","한일시멘트","-9.49275362318841","OK","623"
"2023-01-10","ALL","OP(12MF_1M_CHG)","A302440","SK바이오사이언스","-3.24214792299897","OK","624"
"2023-01-10","ALL","OP(12MF_1M_CHG)","A306200","세아제강",".269312544294823","OK","625"
"2023-01-10","ALL","OP(12MF_1M_CHG)","A307750","국전","","BLANK","626"
"2023-01-10","ALL","OP(12MF_1M_CHG)","A307950","현대오토에버","3.47888053899973","OK","627"
"2023-01-10","ALL","OP(12MF_1M_CHG)","A310210","보로노이","","BLANK","628"
"2023-01-10","ALL","OP(12MF_1M_CHG)","A316140","우리금융지주",".255038136947478","OK","629"
"2023-01-10","ALL","OP(12MF_1M_CHG)","A317330","덕산테코피아","1.582105837425","OK","630"
"2023-01-10","ALL","OP(12MF_1M_CHG)","A319400","현대무벡스","","BLANK","631"
"2023-01-10","ALL","OP(12MF_1M_CHG)","A319660","피에스케이","1.36456211812628","OK","632"
"2023-01-10","ALL","OP(12MF_1M_CHG)","A321550","티움바이오","-7.29927007299384E-02","OK","633"
"2023-01-10","ALL","OP(12MF_1M_CHG)","A322000","HD현대에너지솔루션",".723742277140342","OK","634"
"2023-01-10","ALL","OP(12MF_1M_CHG)","A323410","카카오뱅크","9.60613467907271","OK","635"
"2023-01-10","ALL","OP(12MF_1M_CHG)","A323990","박셀바이오","","BLANK","636"
"2023-01-10","ALL","OP(12MF_1M_CHG)","A326030","SK바이오팜","29.0370813397129","OK","637"
"2023-01-10","ALL","OP(12MF_1M_CHG)","A328130","루닛","","BLANK","638"
"2023-01-10","ALL","OP(12MF_1M_CHG)","A329180","HD현대중공업","7.43746087682286","OK","639"
"2023-01-10","ALL","OP(12MF_1M_CHG)","A336260","두산퓨얼셀","10.2592695846111","OK","640"
"2023-01-10","ALL","OP(12MF_1M_CHG)","A336370","솔루스첨단소재","1.45417653026716","OK","641"
"2023-01-10","ALL","OP(12MF_1M_CHG)","A336570","원텍","","BLANK","642"
"2023-01-10","ALL","OP(12MF_1M_CHG)","A340570","티앤엘","1.45310435931307","OK","643"
"2023-01-10","ALL","OP(12MF_1M_CHG)","A344820","KCC글라스","","BLANK","644"
"2023-01-10","ALL","OP(12MF_1M_CHG)","A348210","넥스틴","-.735468564650048","OK","645"
"2023-01-10","ALL","OP(12MF_1M_CHG)","A348370","엔켐","1.99101796407185","OK","646"
"2023-01-10","ALL","OP(12MF_1M_CHG)","A352480","씨앤씨인터내셔널","14.4736842105263","OK","647"
"2023-01-10","ALL","OP(12MF_1M_CHG)","A352820","하이브","2.98700057350411","OK","648"
"2023-01-10","ALL","OP(12MF_1M_CHG)","A353200","대덕전자","1.00930282676628","OK","649"
"2023-01-10","ALL","OP(12MF_1M_CHG)","A357780","솔브레인","2.78399859482721","OK","650"
"2023-01-10","ALL","OP(12MF_1M_CHG)","A360070","탑머티리얼","","BLANK","651"
"2023-01-10","ALL","OP(12MF_1M_CHG)","A361610","SK아이이테크놀로지","-3.84910813348127","OK","652"
"2023-01-10","ALL","OP(12MF_1M_CHG)","A363280","티와이홀딩스","","BLANK","653"
"2023-01-10","ALL","OP(12MF_1M_CHG)","A365340","성일하이텍","","BLANK","654"
"2023-01-10","ALL","OP(12MF_1M_CHG)","A366030","나인앤컴퍼니","","BLANK","655"
"2023-01-10","ALL","OP(12MF_1M_CHG)","A372170","윤성에프앤씨","","BLANK","656"
"2023-01-10","ALL","OP(12MF_1M_CHG)","A373220","LG에너지솔루션","-2.75832635189606","OK","657"
"2023-01-10","ALL","OP(12MF_1M_CHG)","A375500","DL이앤씨","-7.46753246753246","OK","658"
"2023-01-10","ALL","OP(12MF_1M_CHG)","A376300","디어유","4.20624151967435","OK","659"
"2023-01-10","ALL","OP(12MF_1M_CHG)","A377300","카카오페이","157.383966244726","OK","660"
"2023-01-10","ALL","OP(12MF_1M_CHG)","A377740","바이오노트","","BLANK","661"
"2023-01-10","ALL","OP(12MF_1M_CHG)","A381970","케이카","0","OK","662"
"2023-01-10","ALL","OP(12MF_1M_CHG)","A382840","원준","","BLANK","663"
"2023-01-10","ALL","OP(12MF_1M_CHG)","A383220","F&F","1.11175963756636","OK","664"
"2023-01-10","ALL","OP(12MF_1M_CHG)","A383310","에코프로에이치엔","","BLANK","665"
"2023-01-10","ALL","OP(12MF_1M_CHG)","A383800","LX홀딩스","","BLANK","666"
"2023-01-10","ALL","OP(12MF_1M_CHG)","A389260","대명에너지","","BLANK","667"
"2023-01-10","ALL","OP(12MF_1M_CHG)","A393890","더블유씨피","11.2612612612613","OK","668"
"2023-01-10","ALL","OP(12MF_1M_CHG)","A402340","SK스퀘어","-29.0005103156667","OK","669"
"2023-01-10","ALL","OP(12MF_1M_CHG)","A403550","쏘카","-1.64285714285715","OK","670"
"2023-01-10","ALL","OP(12MF_1M_CHG)","A403870","HPSP","7.50834260289211","OK","671"
"2023-01-10","ALL","OP(12MF_1M_CHG)","A419530","SAMG엔터","","BLANK","672"
"2023-01-10","ALL","OP(12MF_1M_CHG)","A900140","엘브이엠씨홀딩스","","BLANK","673"
"2023-01-10","ALL","OP(12MF_1M_CHG)","A950130","엑세스바이오","","BLANK","674"
"2023-01-10","ALL","OP(12MF_1M_CHG)","A950160","코오롱티슈진","","BLANK","675"
"2023-01-10","ALL","OP(12MF_1M_CHG)","A950210","프레스티지바이오파마","","BLANK","676"
"2023-01-10","ALL","OP(12MF_1M_CHG)","A950220","네오이뮨텍","","BLANK","677"
