Date,Universe,Factor,StockCode,StockName,FactorValue,ValueStatus,SourceRow
"2023-11-24","ALL","OP(12MF_1M_CHG)","A000020","동화약품","","BLANK","14"
"2023-11-24","ALL","OP(12MF_1M_CHG)","A000070","삼양홀딩스","","BLANK","15"
"2023-11-24","ALL","OP(12MF_1M_CHG)","A000080","하이트진로","15.48050920124","OK","16"
"2023-11-24","ALL","OP(12MF_1M_CHG)","A000100","유한양행","-9.10786215127555","OK","17"
"2023-11-24","ALL","OP(12MF_1M_CHG)","A000120","CJ대한통운","2.48142006019286","OK","18"
"2023-11-24","ALL","OP(12MF_1M_CHG)","A000150","두산","5.88667245219371E-02","OK","19"
"2023-11-24","ALL","OP(12MF_1M_CHG)","A000210","DL","4.07693572250535","OK","20"
"2023-11-24","ALL","OP(12MF_1M_CHG)","A000240","한국앤컴퍼니","2.69922879177378","OK","21"
"2023-11-24","ALL","OP(12MF_1M_CHG)","A000250","삼천당제약","","BLANK","22"
"2023-11-24","ALL","OP(12MF_1M_CHG)","A000270","기아","-1.4210433836186","OK","23"
"2023-11-24","ALL","OP(12MF_1M_CHG)","A000370","한화손해보험","-5.62982217271115","OK","24"
"2023-11-24","ALL","OP(12MF_1M_CHG)","A000400","롯데손해보험","","BLANK","25"
"2023-11-24","ALL","OP(12MF_1M_CHG)","A000430","대원강업","1.39541715628673","OK","26"
"2023-11-24","ALL","OP(12MF_1M_CHG)","A000490","대동","19.594531758579","OK","27"
"2023-11-24","ALL","OP(12MF_1M_CHG)","A000640","동아쏘시오홀딩스","11.0099974365547","OK","28"
"2023-11-24","ALL","OP(12MF_1M_CHG)","A000660","SK하이닉스","30.2496907089529","OK","29"
"2023-11-24","ALL","OP(12MF_1M_CHG)","A000670","영풍","","BLANK","30"
"2023-11-24","ALL","OP(12MF_1M_CHG)","A000680","LS네트웍스","","BLANK","31"
"2023-11-24","ALL","OP(12MF_1M_CHG)","A000720","현대건설",".661248254889018","OK","32"
"2023-11-24","ALL","OP(12MF_1M_CHG)","A000810","삼성화재","-.533132259982534","OK","33"
"2023-11-24","ALL","OP(12MF_1M_CHG)","A000880","한화","-14.345563889452","OK","34"
"2023-11-24","ALL","OP(12MF_1M_CHG)","A000990","DB하이텍","38.8493434692467","OK","35"
"2023-11-24","ALL","OP(12MF_1M_CHG)","A001040","CJ","-2.62985932657962","OK","36"
"2023-11-24","ALL","OP(12MF_1M_CHG)","A001060","JW중외제약",".692225772097967","OK","37"
"2023-11-24","ALL","OP(12MF_1M_CHG)","A001120","LX인터내셔널","-18.2143121712719","OK","38"
"2023-11-24","ALL","OP(12MF_1M_CHG)","A001200","유진투자증권","","BLANK","39"
"2023-11-24","ALL","OP(12MF_1M_CHG)","A001230","동국홀딩스","","BLANK","40"
"2023-11-24","ALL","OP(12MF_1M_CHG)","A001340","PKC","","BLANK","41"
"2023-11-24","ALL","OP(12MF_1M_CHG)","A001390","KG케미칼","","BLANK","42"
"2023-11-24","ALL","OP(12MF_1M_CHG)","A001430","세아베스틸지주","-17.8241976061599","OK","43"
"2023-11-24","ALL","OP(12MF_1M_CHG)","A001440","대한전선","","BLANK","44"
"2023-11-24","ALL","OP(12MF_1M_CHG)","A001450","현대해상","-5.62736674622117","OK","45"
"2023-11-24","ALL","OP(12MF_1M_CHG)","A001460","BYC","","BLANK","46"
"2023-11-24","ALL","OP(12MF_1M_CHG)","A001470","삼부토건","","BLANK","47"
"2023-11-24","ALL","OP(12MF_1M_CHG)","A001500","현대차증권","","BLANK","48"
"2023-11-24","ALL","OP(12MF_1M_CHG)","A001510","SK증권","","BLANK","49"
"2023-11-24","ALL","OP(12MF_1M_CHG)","A001520","동양","","BLANK","50"
"2023-11-24","ALL","OP(12MF_1M_CHG)","A001530","DI동일","3.58960621484062","OK","51"
"2023-11-24","ALL","OP(12MF_1M_CHG)","A001570","금양","","BLANK","52"
"2023-11-24","ALL","OP(12MF_1M_CHG)","A001630","종근당홀딩스","","BLANK","53"
"2023-11-24","ALL","OP(12MF_1M_CHG)","A001680","대상","5.21675725838524","OK","54"
"2023-11-24","ALL","OP(12MF_1M_CHG)","A001720","신영증권","","BLANK","55"
"2023-11-24","ALL","OP(12MF_1M_CHG)","A001740","SK네트웍스","-.324728040266282","OK","56"
"2023-11-24","ALL","OP(12MF_1M_CHG)","A001780","알루코","","BLANK","57"
"2023-11-24","ALL","OP(12MF_1M_CHG)","A001790","대한제당","","BLANK","58"
"2023-11-24","ALL","OP(12MF_1M_CHG)","A001800","오리온홀딩스","","BLANK","59"
"2023-11-24","ALL","OP(12MF_1M_CHG)","A001820","삼화콘덴서","4.8780487804878","OK","60"
"2023-11-24","ALL","OP(12MF_1M_CHG)","A001940","KISCO홀딩스","","BLANK","61"
"2023-11-24","ALL","OP(12MF_1M_CHG)","A002030","아세아","","BLANK","62"
"2023-11-24","ALL","OP(12MF_1M_CHG)","A002150","도화엔지니어링","","BLANK","63"
"2023-11-24","ALL","OP(12MF_1M_CHG)","A002240","고려제강","","BLANK","64"
"2023-11-24","ALL","OP(12MF_1M_CHG)","A002310","아세아제지","1.02049950765375","OK","65"
"2023-11-24","ALL","OP(12MF_1M_CHG)","A002320","한진","3.68093385214007","OK","66"
"2023-11-24","ALL","OP(12MF_1M_CHG)","A002350","넥센타이어","18.598702840961","OK","67"
"2023-11-24","ALL","OP(12MF_1M_CHG)","A002380","KCC","1.50442477876106","OK","68"
"2023-11-24","ALL","OP(12MF_1M_CHG)","A002710","TCC스틸","","BLANK","69"
"2023-11-24","ALL","OP(12MF_1M_CHG)","A002790","아모레퍼시픽홀딩스","33.120740870173","OK","70"
"2023-11-24","ALL","OP(12MF_1M_CHG)","A002840","미원상사","","BLANK","71"
"2023-11-24","ALL","OP(12MF_1M_CHG)","A002960","한국쉘석유","","BLANK","72"
"2023-11-24","ALL","OP(12MF_1M_CHG)","A003000","부광약품","","BLANK","73"
"2023-11-24","ALL","OP(12MF_1M_CHG)","A003030","세아제강지주","-1.8508242790914","OK","74"
"2023-11-24","ALL","OP(12MF_1M_CHG)","A003090","대웅","","BLANK","75"
"2023-11-24","ALL","OP(12MF_1M_CHG)","A003120","일성아이에스","","BLANK","76"
"2023-11-24","ALL","OP(12MF_1M_CHG)","A003220","대원제약","-.838812060757192","OK","77"
"2023-11-24","ALL","OP(12MF_1M_CHG)","A003230","삼양식품","15.0788211103496","OK","78"
"2023-11-24","ALL","OP(12MF_1M_CHG)","A003240","태광산업","","BLANK","79"
"2023-11-24","ALL","OP(12MF_1M_CHG)","A003280","흥아해운","","BLANK","80"
"2023-11-24","ALL","OP(12MF_1M_CHG)","A003300","한일홀딩스","","BLANK","81"
"2023-11-24","ALL","OP(12MF_1M_CHG)","A003380","하림지주","","BLANK","82"
"2023-11-24","ALL","OP(12MF_1M_CHG)","A003470","유안타증권","","BLANK","83"
"2023-11-24","ALL","OP(12MF_1M_CHG)","A003490","대한항공","6.81160553687339","OK","84"
"2023-11-24","ALL","OP(12MF_1M_CHG)","A003520","영진약품","","BLANK","85"
"2023-11-24","ALL","OP(12MF_1M_CHG)","A003530","한화투자증권","","BLANK","86"
"2023-11-24","ALL","OP(12MF_1M_CHG)","A003540","대신증권","2.80786365308375","OK","87"
"2023-11-24","ALL","OP(12MF_1M_CHG)","A003550","LG","-7.97948234184306","OK","88"
"2023-11-24","ALL","OP(12MF_1M_CHG)","A003570","SNT다이내믹스","","BLANK","89"
"2023-11-24","ALL","OP(12MF_1M_CHG)","A003620","KG모빌리티","","BLANK","90"
"2023-11-24","ALL","OP(12MF_1M_CHG)","A003670","포스코퓨처엠","-22.3157675917264","OK","91"
"2023-11-24","ALL","OP(12MF_1M_CHG)","A003690","코리안리","-5.48394277273004","OK","92"
"2023-11-24","ALL","OP(12MF_1M_CHG)","A003800","에이스침대","","BLANK","93"
"2023-11-24","ALL","OP(12MF_1M_CHG)","A003850","보령","-1.32965378825891","OK","94"
"2023-11-24","ALL","OP(12MF_1M_CHG)","A003920","남양유업","","BLANK","95"
"2023-11-24","ALL","OP(12MF_1M_CHG)","A003960","사조대림","","BLANK","96"
"2023-11-24","ALL","OP(12MF_1M_CHG)","A004000","롯데정밀화학","-2.37096636137978","OK","97"
"2023-11-24","ALL","OP(12MF_1M_CHG)","A004020","현대제철","-11.3983879174142","OK","98"
"2023-11-24","ALL","OP(12MF_1M_CHG)","A004170","신세계","-4.66074257766757","OK","99"
"2023-11-24","ALL","OP(12MF_1M_CHG)","A004370","농심","1.77738560443716","OK","100"
"2023-11-24","ALL","OP(12MF_1M_CHG)","A004430","송원산업","2.84336125920284","OK","101"
"2023-11-24","ALL","OP(12MF_1M_CHG)","A004490","세방전지","","BLANK","102"
"2023-11-24","ALL","OP(12MF_1M_CHG)","A004690","삼천리","","BLANK","103"
"2023-11-24","ALL","OP(12MF_1M_CHG)","A004700","조광피혁","","BLANK","104"
"2023-11-24","ALL","OP(12MF_1M_CHG)","A004800","효성","-36.5903266484969","OK","105"
"2023-11-24","ALL","OP(12MF_1M_CHG)","A004990","롯데지주","-9.67340339531124","OK","106"
"2023-11-24","ALL","OP(12MF_1M_CHG)","A005010","휴스틸","","BLANK","107"
"2023-11-24","ALL","OP(12MF_1M_CHG)","A005070","코스모신소재","11.6830065359477","OK","108"
"2023-11-24","ALL","OP(12MF_1M_CHG)","A005090","SGC에너지","1.76308869232609","OK","109"
"2023-11-24","ALL","OP(12MF_1M_CHG)","A005160","동국산업","","BLANK","110"
"2023-11-24","ALL","OP(12MF_1M_CHG)","A005180","빙그레","10.5412208936438","OK","111"
"2023-11-24","ALL","OP(12MF_1M_CHG)","A005250","녹십자홀딩스","","BLANK","112"
"2023-11-24","ALL","OP(12MF_1M_CHG)","A005290","동진쎄미켐","","BLANK","113"
"2023-11-24","ALL","OP(12MF_1M_CHG)","A005300","롯데칠성","3.63036303630363","OK","114"
"2023-11-24","ALL","OP(12MF_1M_CHG)","A005380","현대차",".76488650632865","OK","115"
"2023-11-24","ALL","OP(12MF_1M_CHG)","A005420","코스모화학","","BLANK","116"
"2023-11-24","ALL","OP(12MF_1M_CHG)","A005440","현대지에프홀딩스","","BLANK","117"
"2023-11-24","ALL","OP(12MF_1M_CHG)","A005490","POSCO홀딩스","-5.04936440519263","OK","118"
"2023-11-24","ALL","OP(12MF_1M_CHG)","A005500","삼진제약","","BLANK","119"
"2023-11-24","ALL","OP(12MF_1M_CHG)","A005610","삼립","-4.54215116279044E-02","OK","120"
"2023-11-24","ALL","OP(12MF_1M_CHG)","A005690","파미셀","","BLANK","121"
"2023-11-24","ALL","OP(12MF_1M_CHG)","A005810","풍산홀딩스","","BLANK","122"
"2023-11-24","ALL","OP(12MF_1M_CHG)","A005830","DB손해보험","-4.48922433852583","OK","123"
"2023-11-24","ALL","OP(12MF_1M_CHG)","A005850","에스엘","-1.15072410294254","OK","124"
"2023-11-24","ALL","OP(12MF_1M_CHG)","A005880","대한해운","7.18833658924825","OK","125"
"2023-11-24","ALL","OP(12MF_1M_CHG)","A005930","삼성전자","10.2520497435912","OK","126"
"2023-11-24","ALL","OP(12MF_1M_CHG)","A005940","NH투자증권","-1.19153648027345","OK","127"
"2023-11-24","ALL","OP(12MF_1M_CHG)","A005950","이수화학","","BLANK","128"
"2023-11-24","ALL","OP(12MF_1M_CHG)","A006040","동원산업","","BLANK","129"
"2023-11-24","ALL","OP(12MF_1M_CHG)","A006110","삼아알미늄","","BLANK","130"
"2023-11-24","ALL","OP(12MF_1M_CHG)","A006120","SK디스커버리","","BLANK","131"
"2023-11-24","ALL","OP(12MF_1M_CHG)","A006220","제주은행","","BLANK","132"
"2023-11-24","ALL","OP(12MF_1M_CHG)","A006260","LS","-4.37221882109997","OK","133"
"2023-11-24","ALL","OP(12MF_1M_CHG)","A006280","녹십자","-1.38112463005591","OK","134"
"2023-11-24","ALL","OP(12MF_1M_CHG)","A006360","GS건설","-19.7113744884038","OK","135"
"2023-11-24","ALL","OP(12MF_1M_CHG)","A006400","삼성SDI","-7.08230811969204","OK","136"
"2023-11-24","ALL","OP(12MF_1M_CHG)","A006650","대한유화","76.8317405154938","OK","137"
"2023-11-24","ALL","OP(12MF_1M_CHG)","A006730","서부T&D",".206307102858828","OK","138"
"2023-11-24","ALL","OP(12MF_1M_CHG)","A006800","미래에셋증권","-2.73158746998716","OK","139"
"2023-11-24","ALL","OP(12MF_1M_CHG)","A007070","GS리테일","7.74072357346734","OK","140"
"2023-11-24","ALL","OP(12MF_1M_CHG)","A007310","오뚜기","-.105080224710027","OK","141"
"2023-11-24","ALL","OP(12MF_1M_CHG)","A007340","DN오토모티브","","BLANK","142"
"2023-11-24","ALL","OP(12MF_1M_CHG)","A007390","네이처셀","","BLANK","143"
"2023-11-24","ALL","OP(12MF_1M_CHG)","A007460","에이프로젠","","BLANK","144"
"2023-11-24","ALL","OP(12MF_1M_CHG)","A007570","일양약품","","BLANK","145"
"2023-11-24","ALL","OP(12MF_1M_CHG)","A007660","이수페타시스","-6.22085276482345","OK","146"
"2023-11-24","ALL","OP(12MF_1M_CHG)","A007690","국도화학","5.3679398318832","OK","147"
"2023-11-24","ALL","OP(12MF_1M_CHG)","A007700","F&F홀딩스","","BLANK","148"
"2023-11-24","ALL","OP(12MF_1M_CHG)","A007810","코리아써키트","-38.5055783910746","OK","149"
"2023-11-24","ALL","OP(12MF_1M_CHG)","A008350","남선알미늄","","BLANK","150"
"2023-11-24","ALL","OP(12MF_1M_CHG)","A008490","서흥","-11.1111111111111","OK","151"
"2023-11-24","ALL","OP(12MF_1M_CHG)","A008730","율촌화학","","BLANK","152"
"2023-11-24","ALL","OP(12MF_1M_CHG)","A008770","호텔신라","-12.6880872593469","OK","153"
"2023-11-24","ALL","OP(12MF_1M_CHG)","A008930","한미사이언스","","BLANK","154"
"2023-11-24","ALL","OP(12MF_1M_CHG)","A009150","삼성전기","-12.3662029612501","OK","155"
"2023-11-24","ALL","OP(12MF_1M_CHG)","A009240","한샘","10.0296442687747","OK","156"
"2023-11-24","ALL","OP(12MF_1M_CHG)","A009290","광동제약","","BLANK","157"
"2023-11-24","ALL","OP(12MF_1M_CHG)","A009420","한올바이오파마","-13.4387351778656","OK","158"
"2023-11-24","ALL","OP(12MF_1M_CHG)","A009450","경동나비엔","","BLANK","159"
"2023-11-24","ALL","OP(12MF_1M_CHG)","A009520","포스코엠텍","","BLANK","160"
"2023-11-24","ALL","OP(12MF_1M_CHG)","A009540","HD한국조선해양","-1.91688205376971","OK","161"
"2023-11-24","ALL","OP(12MF_1M_CHG)","A009680","모토닉","","BLANK","162"
"2023-11-24","ALL","OP(12MF_1M_CHG)","A009830","한화솔루션","-9.66696385452655","OK","163"
"2023-11-24","ALL","OP(12MF_1M_CHG)","A009900","명신산업","","BLANK","164"
"2023-11-24","ALL","OP(12MF_1M_CHG)","A009970","영원무역홀딩스","-.274834829656302","OK","165"
"2023-11-24","ALL","OP(12MF_1M_CHG)","A010060","OCI홀딩스",".414769030579061","OK","166"
"2023-11-24","ALL","OP(12MF_1M_CHG)","A010120","LS ELECTRIC","-5.52487620232818","OK","167"
"2023-11-24","ALL","OP(12MF_1M_CHG)","A010130","고려아연","-5.11928122724524","OK","168"
"2023-11-24","ALL","OP(12MF_1M_CHG)","A010140","삼성중공업","3.87967206765218","OK","169"
"2023-11-24","ALL","OP(12MF_1M_CHG)","A010690","화신","-7.70920427974208","OK","170"
"2023-11-24","ALL","OP(12MF_1M_CHG)","A010780","아이에스동서","2.57038469804427","OK","171"
"2023-11-24","ALL","OP(12MF_1M_CHG)","A010950","S-Oil","-3.46889707386945","OK","172"
"2023-11-24","ALL","OP(12MF_1M_CHG)","A011070","LG이노텍","-6.44523527085806","OK","173"
"2023-11-24","ALL","OP(12MF_1M_CHG)","A011170","롯데케미칼","-5.95329909256494","OK","174"
"2023-11-24","ALL","OP(12MF_1M_CHG)","A011200","HMM","-38.1355818418615","OK","175"
"2023-11-24","ALL","OP(12MF_1M_CHG)","A011210","현대위아","2.05631654008159","OK","176"
"2023-11-24","ALL","OP(12MF_1M_CHG)","A011760","현대코퍼레이션","","BLANK","177"
"2023-11-24","ALL","OP(12MF_1M_CHG)","A011780","금호석유화학","-10.1579351442255","OK","178"
"2023-11-24","ALL","OP(12MF_1M_CHG)","A011790","SKC","-56.1034407188253","OK","179"
"2023-11-24","ALL","OP(12MF_1M_CHG)","A011810","STX","","BLANK","180"
"2023-11-24","ALL","OP(12MF_1M_CHG)","A011930","신성이엔지","-42.7960301163587","OK","181"
"2023-11-24","ALL","OP(12MF_1M_CHG)","A012030","DB","","BLANK","182"
"2023-11-24","ALL","OP(12MF_1M_CHG)","A012330","현대모비스","-2.21321987255701","OK","183"
"2023-11-24","ALL","OP(12MF_1M_CHG)","A012450","한화에어로스페이스","4.42560482839753","OK","184"
"2023-11-24","ALL","OP(12MF_1M_CHG)","A012510","더존비즈온","2.18268799521602","OK","185"
"2023-11-24","ALL","OP(12MF_1M_CHG)","A012630","HDC","","BLANK","186"
"2023-11-24","ALL","OP(12MF_1M_CHG)","A012750","에스원","-2.38145774079891","OK","187"
"2023-11-24","ALL","OP(12MF_1M_CHG)","A013030","하이록코리아","-5.47623047203091","OK","188"
"2023-11-24","ALL","OP(12MF_1M_CHG)","A013120","동원개발","","BLANK","189"
"2023-11-24","ALL","OP(12MF_1M_CHG)","A013890","지누스","2.89987233266461","OK","190"
"2023-11-24","ALL","OP(12MF_1M_CHG)","A014470","부방","","BLANK","191"
"2023-11-24","ALL","OP(12MF_1M_CHG)","A014620","성광벤드","-15.7487216946676","OK","192"
"2023-11-24","ALL","OP(12MF_1M_CHG)","A014680","한솔케미칼","-4.51770451770452","OK","193"
"2023-11-24","ALL","OP(12MF_1M_CHG)","A014820","동원시스템즈","","BLANK","194"
"2023-11-24","ALL","OP(12MF_1M_CHG)","A014830","유니드","11.9190751445087","OK","195"
"2023-11-24","ALL","OP(12MF_1M_CHG)","A015750","성우하이텍","1.60599571734475","OK","196"
"2023-11-24","ALL","OP(12MF_1M_CHG)","A015760","한국전력","140.9564673387","OK","197"
"2023-11-24","ALL","OP(12MF_1M_CHG)","A016360","삼성증권","-1.13557708946184","OK","198"
"2023-11-24","ALL","OP(12MF_1M_CHG)","A016380","KG스틸","-.209823885525596","OK","199"
"2023-11-24","ALL","OP(12MF_1M_CHG)","A016580","환인제약","3.77420413521497","OK","200"
"2023-11-24","ALL","OP(12MF_1M_CHG)","A016790","현대사료","","BLANK","201"
"2023-11-24","ALL","OP(12MF_1M_CHG)","A016800","퍼시스","","BLANK","202"
"2023-11-24","ALL","OP(12MF_1M_CHG)","A017390","서울가스","","BLANK","203"
"2023-11-24","ALL","OP(12MF_1M_CHG)","A017670","SK텔레콤",".805758724004223","OK","204"
"2023-11-24","ALL","OP(12MF_1M_CHG)","A017800","현대엘리베이터","","BLANK","205"
"2023-11-24","ALL","OP(12MF_1M_CHG)","A017810","풀무원","2.75067750677507","OK","206"
"2023-11-24","ALL","OP(12MF_1M_CHG)","A017940","E1","-12.9702736444309","OK","207"
"2023-11-24","ALL","OP(12MF_1M_CHG)","A017960","한국카본","-14.0275267621299","OK","208"
"2023-11-24","ALL","OP(12MF_1M_CHG)","A018250","애경산업","1.66103603603603","OK","209"
"2023-11-24","ALL","OP(12MF_1M_CHG)","A018260","삼성에스디에스","-.492676728269831","OK","210"
"2023-11-24","ALL","OP(12MF_1M_CHG)","A018290","브이티","17.8931914112681","OK","211"
"2023-11-24","ALL","OP(12MF_1M_CHG)","A018310","삼목에스폼","","BLANK","212"
"2023-11-24","ALL","OP(12MF_1M_CHG)","A018470","조일알미늄","","BLANK","213"
"2023-11-24","ALL","OP(12MF_1M_CHG)","A018670","SK가스","-2.83268799673936","OK","214"
"2023-11-24","ALL","OP(12MF_1M_CHG)","A018880","한온시스템","-14.7391002586914","OK","215"
"2023-11-24","ALL","OP(12MF_1M_CHG)","A019170","신풍제약","","BLANK","216"
"2023-11-24","ALL","OP(12MF_1M_CHG)","A020000","한섬","-13.7211932701824","OK","217"
"2023-11-24","ALL","OP(12MF_1M_CHG)","A020150","롯데에너지머티리얼즈","-12.3693218614118","OK","218"
"2023-11-24","ALL","OP(12MF_1M_CHG)","A020560","아시아나항공","31.0746949427503","OK","219"
"2023-11-24","ALL","OP(12MF_1M_CHG)","A021240","코웨이","1.56761053413431","OK","220"
"2023-11-24","ALL","OP(12MF_1M_CHG)","A022100","포스코DX","","BLANK","221"
"2023-11-24","ALL","OP(12MF_1M_CHG)","A023160","태광","-1.84623166413757","OK","222"
"2023-11-24","ALL","OP(12MF_1M_CHG)","A023410","유진기업","","BLANK","223"
"2023-11-24","ALL","OP(12MF_1M_CHG)","A023530","롯데쇼핑","-2.59636474929012","OK","224"
"2023-11-24","ALL","OP(12MF_1M_CHG)","A023590","다우기술","","BLANK","225"
"2023-11-24","ALL","OP(12MF_1M_CHG)","A024110","기업은행",".507854960109939","OK","226"
"2023-11-24","ALL","OP(12MF_1M_CHG)","A024720","콜마홀딩스","","BLANK","227"
"2023-11-24","ALL","OP(12MF_1M_CHG)","A025320","시노펙스","","BLANK","228"
"2023-11-24","ALL","OP(12MF_1M_CHG)","A025540","한국단자","20.5749032614704","OK","229"
"2023-11-24","ALL","OP(12MF_1M_CHG)","A025770","한국정보통신","","BLANK","230"
"2023-11-24","ALL","OP(12MF_1M_CHG)","A025860","남해화학","","BLANK","231"
"2023-11-24","ALL","OP(12MF_1M_CHG)","A025900","동화기업","11.2144344205413","OK","232"
"2023-11-24","ALL","OP(12MF_1M_CHG)","A025980","아난티","-35.3598801359995","OK","233"
"2023-11-24","ALL","OP(12MF_1M_CHG)","A026890","스틱인베스트먼트","","BLANK","234"
"2023-11-24","ALL","OP(12MF_1M_CHG)","A026960","동서","","BLANK","235"
"2023-11-24","ALL","OP(12MF_1M_CHG)","A027360","아주IB투자","","BLANK","236"
"2023-11-24","ALL","OP(12MF_1M_CHG)","A027410","BGF","","BLANK","237"
"2023-11-24","ALL","OP(12MF_1M_CHG)","A028050","삼성E&A","-11.7364462654754","OK","238"
"2023-11-24","ALL","OP(12MF_1M_CHG)","A028260","삼성물산",".722407720507685","OK","239"
"2023-11-24","ALL","OP(12MF_1M_CHG)","A028300","HLB","","BLANK","240"
"2023-11-24","ALL","OP(12MF_1M_CHG)","A028670","팬오션","-11.9523766896428","OK","241"
"2023-11-24","ALL","OP(12MF_1M_CHG)","A029460","케이씨","","BLANK","242"
"2023-11-24","ALL","OP(12MF_1M_CHG)","A029530","신도리코","","BLANK","243"
"2023-11-24","ALL","OP(12MF_1M_CHG)","A029780","삼성카드",".205668488933717","OK","244"
"2023-11-24","ALL","OP(12MF_1M_CHG)","A030000","제일기획","-.868378252788107","OK","245"
"2023-11-24","ALL","OP(12MF_1M_CHG)","A030190","NICE평가정보","7.552","OK","246"
"2023-11-24","ALL","OP(12MF_1M_CHG)","A030200","KT","-1.68188632956249","OK","247"
"2023-11-24","ALL","OP(12MF_1M_CHG)","A030210","다올투자증권","","BLANK","248"
"2023-11-24","ALL","OP(12MF_1M_CHG)","A030520","한컴","-13.4904714142427","OK","249"
"2023-11-24","ALL","OP(12MF_1M_CHG)","A030530","원익홀딩스","","BLANK","250"
"2023-11-24","ALL","OP(12MF_1M_CHG)","A030610","교보증권","","BLANK","251"
"2023-11-24","ALL","OP(12MF_1M_CHG)","A031330","에스에이엠티","","BLANK","252"
"2023-11-24","ALL","OP(12MF_1M_CHG)","A031430","신세계인터내셔날","-11.2407211028632","OK","253"
"2023-11-24","ALL","OP(12MF_1M_CHG)","A031980","피에스케이홀딩스","2.44683949898049","OK","254"
"2023-11-24","ALL","OP(12MF_1M_CHG)","A032190","다우데이타","","BLANK","255"
"2023-11-24","ALL","OP(12MF_1M_CHG)","A032350","롯데관광개발","-5.2259242355089","OK","256"
"2023-11-24","ALL","OP(12MF_1M_CHG)","A032500","케이엠더블유","2.70572450805009","OK","257"
"2023-11-24","ALL","OP(12MF_1M_CHG)","A032640","LG유플러스","-2.46119889289845","OK","258"
"2023-11-24","ALL","OP(12MF_1M_CHG)","A032830","삼성생명",".318401155059087","OK","259"
"2023-11-24","ALL","OP(12MF_1M_CHG)","A033100","제룡전기","","BLANK","260"
"2023-11-24","ALL","OP(12MF_1M_CHG)","A033160","엠케이전자","","BLANK","261"
"2023-11-24","ALL","OP(12MF_1M_CHG)","A033240","자화전자","22.1086261980831","OK","262"
"2023-11-24","ALL","OP(12MF_1M_CHG)","A033270","유나이티드제약","","BLANK","263"
"2023-11-24","ALL","OP(12MF_1M_CHG)","A033290","로젠","","BLANK","264"
"2023-11-24","ALL","OP(12MF_1M_CHG)","A033500","동성화인텍","-4.56639295013018","OK","265"
"2023-11-24","ALL","OP(12MF_1M_CHG)","A033640","네패스","","BLANK","266"
"2023-11-24","ALL","OP(12MF_1M_CHG)","A033780","KT&G","2.75333876627806","OK","267"
"2023-11-24","ALL","OP(12MF_1M_CHG)","A034020","두산에너빌리티","-13.1132467597899","OK","268"
"2023-11-24","ALL","OP(12MF_1M_CHG)","A034120","SBS","-3.30743385132296","OK","269"
"2023-11-24","ALL","OP(12MF_1M_CHG)","A034220","LG디스플레이","13.9528193325662","OK","270"
"2023-11-24","ALL","OP(12MF_1M_CHG)","A034230","파라다이스","9.2590368680197","OK","271"
"2023-11-24","ALL","OP(12MF_1M_CHG)","A034310","NICE","","BLANK","272"
"2023-11-24","ALL","OP(12MF_1M_CHG)","A034730","SK","4.1201989688146","OK","273"
"2023-11-24","ALL","OP(12MF_1M_CHG)","A034810","해성산업","","BLANK","274"
"2023-11-24","ALL","OP(12MF_1M_CHG)","A034830","한국토지신탁","","BLANK","275"
"2023-11-24","ALL","OP(12MF_1M_CHG)","A034950","한국기업평가","","BLANK","276"
"2023-11-24","ALL","OP(12MF_1M_CHG)","A035250","강원랜드","-16.5850426365522","OK","277"
"2023-11-24","ALL","OP(12MF_1M_CHG)","A035420","NAVER","1.02315562735596","OK","278"
"2023-11-24","ALL","OP(12MF_1M_CHG)","A035600","KG이니시스","","BLANK","279"
"2023-11-24","ALL","OP(12MF_1M_CHG)","A035720","카카오","-1.79892097538576","OK","280"
"2023-11-24","ALL","OP(12MF_1M_CHG)","A035760","CJ ENM","13.1568549980245","OK","281"
"2023-11-24","ALL","OP(12MF_1M_CHG)","A035890","서희건설","","BLANK","282"
"2023-11-24","ALL","OP(12MF_1M_CHG)","A035900","JYP Ent.",".209370492718554","OK","283"
"2023-11-24","ALL","OP(12MF_1M_CHG)","A036030","케이티알파","","BLANK","284"
"2023-11-24","ALL","OP(12MF_1M_CHG)","A036220","오상헬스케어","","BLANK","285"
"2023-11-24","ALL","OP(12MF_1M_CHG)","A036420","콘텐트리중앙","4.03276622558288","OK","286"
"2023-11-24","ALL","OP(12MF_1M_CHG)","A036460","한국가스공사","5.27162894830513","OK","287"
"2023-11-24","ALL","OP(12MF_1M_CHG)","A036530","SNT홀딩스","","BLANK","288"
"2023-11-24","ALL","OP(12MF_1M_CHG)","A036540","SFA반도체","-94.2229199372056","OK","289"
"2023-11-24","ALL","OP(12MF_1M_CHG)","A036570","NC","-.43879825896173","OK","290"
"2023-11-24","ALL","OP(12MF_1M_CHG)","A036620","감성코퍼레이션","4.65897166841553","OK","291"
"2023-11-24","ALL","OP(12MF_1M_CHG)","A036810","에프에스티","","BLANK","292"
"2023-11-24","ALL","OP(12MF_1M_CHG)","A036830","솔브레인홀딩스","","BLANK","293"
"2023-11-24","ALL","OP(12MF_1M_CHG)","A036930","주성엔지니어링","7.40778793794309","OK","294"
"2023-11-24","ALL","OP(12MF_1M_CHG)","A037270","YG PLUS","","BLANK","295"
"2023-11-24","ALL","OP(12MF_1M_CHG)","A037560","LG헬로비전","-10.1109520400859","OK","296"
"2023-11-24","ALL","OP(12MF_1M_CHG)","A038500","삼표시멘트","","BLANK","297"
"2023-11-24","ALL","OP(12MF_1M_CHG)","A039030","이오테크닉스","-7.15135778426919","OK","298"
"2023-11-24","ALL","OP(12MF_1M_CHG)","A039130","하나투어","6.75096879461555","OK","299"
"2023-11-24","ALL","OP(12MF_1M_CHG)","A039200","오스코텍","30.3070761014686","OK","300"
"2023-11-24","ALL","OP(12MF_1M_CHG)","A039440","에스티아이","1.92610062893081","OK","301"
"2023-11-24","ALL","OP(12MF_1M_CHG)","A039490","키움증권","-2.6402500397309","OK","302"
"2023-11-24","ALL","OP(12MF_1M_CHG)","A039840","디오","-5.66801619433198","OK","303"
"2023-11-24","ALL","OP(12MF_1M_CHG)","A040300","YTN","","BLANK","304"
"2023-11-24","ALL","OP(12MF_1M_CHG)","A041190","우리기술투자","","BLANK","305"
"2023-11-24","ALL","OP(12MF_1M_CHG)","A041510","에스엠","-4.81921237844517","OK","306"
"2023-11-24","ALL","OP(12MF_1M_CHG)","A041830","인바디","-1.29759625611572","OK","307"
"2023-11-24","ALL","OP(12MF_1M_CHG)","A041960","코미팜","","BLANK","308"
"2023-11-24","ALL","OP(12MF_1M_CHG)","A042000","카페24","","BLANK","309"
"2023-11-24","ALL","OP(12MF_1M_CHG)","A042600","새로닉스","","BLANK","310"
"2023-11-24","ALL","OP(12MF_1M_CHG)","A042660","한화오션","26.6728496839791","OK","311"
"2023-11-24","ALL","OP(12MF_1M_CHG)","A042700","한미반도체","10.1019727437339","OK","312"
"2023-11-24","ALL","OP(12MF_1M_CHG)","A043150","바텍","-7.32128467825486","OK","313"
"2023-11-24","ALL","OP(12MF_1M_CHG)","A044490","태웅","","BLANK","314"
"2023-11-24","ALL","OP(12MF_1M_CHG)","A045100","한양이엔지","","BLANK","315"
"2023-11-24","ALL","OP(12MF_1M_CHG)","A046890","서울반도체","4.7750591949487","OK","316"
"2023-11-24","ALL","OP(12MF_1M_CHG)","A047040","대우건설","2.41500949722837","OK","317"
"2023-11-24","ALL","OP(12MF_1M_CHG)","A047050","포스코인터내셔널","-3.14870180959874","OK","318"
"2023-11-24","ALL","OP(12MF_1M_CHG)","A047310","파워로직스","","BLANK","319"
"2023-11-24","ALL","OP(12MF_1M_CHG)","A047810","한국항공우주","-8.77561550936164","OK","320"
"2023-11-24","ALL","OP(12MF_1M_CHG)","A047920","HLB제약","","BLANK","321"
"2023-11-24","ALL","OP(12MF_1M_CHG)","A048410","현대바이오","","BLANK","322"
"2023-11-24","ALL","OP(12MF_1M_CHG)","A048530","인트론바이오","","BLANK","323"
"2023-11-24","ALL","OP(12MF_1M_CHG)","A049070","인탑스","-2.24980605120249","OK","324"
"2023-11-24","ALL","OP(12MF_1M_CHG)","A049950","미래컴퍼니","","BLANK","325"
"2023-11-24","ALL","OP(12MF_1M_CHG)","A050890","쏠리드","1.11227701993704","OK","326"
"2023-11-24","ALL","OP(12MF_1M_CHG)","A051360","토비스","4.53074433656957","OK","327"
"2023-11-24","ALL","OP(12MF_1M_CHG)","A051500","CJ프레시웨이",".40253511476533","OK","328"
"2023-11-24","ALL","OP(12MF_1M_CHG)","A051600","한전KPS","2.86659316427784","OK","329"
"2023-11-24","ALL","OP(12MF_1M_CHG)","A051900","LG생활건강","-17.1403131260666","OK","330"
"2023-11-24","ALL","OP(12MF_1M_CHG)","A051910","LG화학","-5.7321923876069","OK","331"
"2023-11-24","ALL","OP(12MF_1M_CHG)","A052020","에스티큐브","","BLANK","332"
"2023-11-24","ALL","OP(12MF_1M_CHG)","A052690","한전기술","4.48021722265321","OK","333"
"2023-11-24","ALL","OP(12MF_1M_CHG)","A053030","바이넥스","","BLANK","334"
"2023-11-24","ALL","OP(12MF_1M_CHG)","A053080","케이엔솔","","BLANK","335"
"2023-11-24","ALL","OP(12MF_1M_CHG)","A053210","스카이라이프","-15.3292335383231","OK","336"
"2023-11-24","ALL","OP(12MF_1M_CHG)","A053610","프로텍","20.8153890324433","OK","337"
"2023-11-24","ALL","OP(12MF_1M_CHG)","A053800","안랩","1.28571428571429","OK","338"
"2023-11-24","ALL","OP(12MF_1M_CHG)","A054450","텔레칩스","11.2329969284774","OK","339"
"2023-11-24","ALL","OP(12MF_1M_CHG)","A054950","제이브이엠","-7.29082593489373","OK","340"
"2023-11-24","ALL","OP(12MF_1M_CHG)","A055550","신한지주",".8868117265257","OK","341"
"2023-11-24","ALL","OP(12MF_1M_CHG)","A056080","유진로봇","","BLANK","342"
"2023-11-24","ALL","OP(12MF_1M_CHG)","A056190","SFA","-5.60426790619057","OK","343"
"2023-11-24","ALL","OP(12MF_1M_CHG)","A057050","현대홈쇼핑","-21.4398318444561","OK","344"
"2023-11-24","ALL","OP(12MF_1M_CHG)","A058430","포스코스틸리온","","BLANK","345"
"2023-11-24","ALL","OP(12MF_1M_CHG)","A058470","리노공업","2.07354608780172","OK","346"
"2023-11-24","ALL","OP(12MF_1M_CHG)","A058610","에스피지","1.3375295043273","OK","347"
"2023-11-24","ALL","OP(12MF_1M_CHG)","A058650","세아홀딩스","","BLANK","348"
"2023-11-24","ALL","OP(12MF_1M_CHG)","A058820","CMG제약","","BLANK","349"
"2023-11-24","ALL","OP(12MF_1M_CHG)","A058970","엠로","-3.32480818414322","OK","350"
"2023-11-24","ALL","OP(12MF_1M_CHG)","A059090","미코","","BLANK","351"
"2023-11-24","ALL","OP(12MF_1M_CHG)","A060150","인선이엔티","1.27870563674322","OK","352"
"2023-11-24","ALL","OP(12MF_1M_CHG)","A060250","NHN KCP","-6.70423630003887","OK","353"
"2023-11-24","ALL","OP(12MF_1M_CHG)","A060280","큐렉소","4.26164519326065","OK","354"
"2023-11-24","ALL","OP(12MF_1M_CHG)","A060370","LS마린솔루션","-7.94824399260629","OK","355"
"2023-11-24","ALL","OP(12MF_1M_CHG)","A060720","KH바텍","-17.3694390715667","OK","356"
"2023-11-24","ALL","OP(12MF_1M_CHG)","A060980","HL홀딩스","-15.2808096844612","OK","357"
"2023-11-24","ALL","OP(12MF_1M_CHG)","A061970","LB세미콘","","BLANK","358"
"2023-11-24","ALL","OP(12MF_1M_CHG)","A064260","다날","","BLANK","359"
"2023-11-24","ALL","OP(12MF_1M_CHG)","A064290","인텍플러스","-5.90823381521056","OK","360"
"2023-11-24","ALL","OP(12MF_1M_CHG)","A064350","현대로템",".59045432179759","OK","361"
"2023-11-24","ALL","OP(12MF_1M_CHG)","A064550","바이오니아","","BLANK","362"
"2023-11-24","ALL","OP(12MF_1M_CHG)","A064760","티씨케이","-8.54709520429889","OK","363"
"2023-11-24","ALL","OP(12MF_1M_CHG)","A064960","SNT모티브","-6.08431810923027","OK","364"
"2023-11-24","ALL","OP(12MF_1M_CHG)","A065350","신성델타테크","","BLANK","365"
"2023-11-24","ALL","OP(12MF_1M_CHG)","A066570","LG전자","-1.16269081762779","OK","366"
"2023-11-24","ALL","OP(12MF_1M_CHG)","A066970","엘앤에프","-33.0240611997002","OK","367"
"2023-11-24","ALL","OP(12MF_1M_CHG)","A067160","SOOP","-7.78126225009801","OK","368"
"2023-11-24","ALL","OP(12MF_1M_CHG)","A067310","하나마이크론","-1.55552422576249","OK","369"
"2023-11-24","ALL","OP(12MF_1M_CHG)","A067630","HLB생명과학","","BLANK","370"
"2023-11-24","ALL","OP(12MF_1M_CHG)","A068240","다원시스","","BLANK","371"
"2023-11-24","ALL","OP(12MF_1M_CHG)","A068270","셀트리온","12.9645322757421","OK","372"
"2023-11-24","ALL","OP(12MF_1M_CHG)","A068760","셀트리온제약","","BLANK","373"
"2023-11-24","ALL","OP(12MF_1M_CHG)","A069080","웹젠","-5.53153421798121","OK","374"
"2023-11-24","ALL","OP(12MF_1M_CHG)","A069260","TKG휴켐스","-11.5906143143497","OK","375"
"2023-11-24","ALL","OP(12MF_1M_CHG)","A069620","대웅제약","-4.567874758739","OK","376"
"2023-11-24","ALL","OP(12MF_1M_CHG)","A069960","현대백화점","-6.05601076189313","OK","377"
"2023-11-24","ALL","OP(12MF_1M_CHG)","A071050","한국금융지주",".515665796344645","OK","378"
"2023-11-24","ALL","OP(12MF_1M_CHG)","A071320","지역난방공사","58.3034872761546","OK","379"
"2023-11-24","ALL","OP(12MF_1M_CHG)","A071970","HD현대마린엔진","","BLANK","380"
"2023-11-24","ALL","OP(12MF_1M_CHG)","A072710","농심홀딩스","","BLANK","381"
"2023-11-24","ALL","OP(12MF_1M_CHG)","A073240","금호타이어","5.80526497298541","OK","382"
"2023-11-24","ALL","OP(12MF_1M_CHG)","A074600","원익QnC","-16.6163141993958","OK","383"
"2023-11-24","ALL","OP(12MF_1M_CHG)","A074610","이엔플러스","","BLANK","384"
"2023-11-24","ALL","OP(12MF_1M_CHG)","A075580","세진중공업","","BLANK","385"
"2023-11-24","ALL","OP(12MF_1M_CHG)","A077360","덕산하이메탈","","BLANK","386"
"2023-11-24","ALL","OP(12MF_1M_CHG)","A077970","STX엔진","","BLANK","387"
"2023-11-24","ALL","OP(12MF_1M_CHG)","A078070","유비쿼스홀딩스","","BLANK","388"
"2023-11-24","ALL","OP(12MF_1M_CHG)","A078160","메디포스트","","BLANK","389"
"2023-11-24","ALL","OP(12MF_1M_CHG)","A078340","컴투스","72.7395411605938","OK","390"
"2023-11-24","ALL","OP(12MF_1M_CHG)","A078600","대주전자재료","3.37040781934547E-02","OK","391"
"2023-11-24","ALL","OP(12MF_1M_CHG)","A078930","GS","-1.51621266998076","OK","392"
"2023-11-24","ALL","OP(12MF_1M_CHG)","A079160","CJ CGV","-25.3505201266395","OK","393"
"2023-11-24","ALL","OP(12MF_1M_CHG)","A079370","제우스","","BLANK","394"
"2023-11-24","ALL","OP(12MF_1M_CHG)","A079550","LIG디펜스앤에어로스페이스","1.20854412591343","OK","395"
"2023-11-24","ALL","OP(12MF_1M_CHG)","A079810","APS이노베이션","","BLANK","396"
"2023-11-24","ALL","OP(12MF_1M_CHG)","A080160","모두투어",".828843762950681","OK","397"
"2023-11-24","ALL","OP(12MF_1M_CHG)","A081660","미스토홀딩스","1.94221241517132","OK","398"
"2023-11-24","ALL","OP(12MF_1M_CHG)","A082270","젬백스","","BLANK","399"
"2023-11-24","ALL","OP(12MF_1M_CHG)","A082640","동양생명","4.38945639769534","OK","400"
"2023-11-24","ALL","OP(12MF_1M_CHG)","A082740","한화엔진","12.114875226544","OK","401"
"2023-11-24","ALL","OP(12MF_1M_CHG)","A082920","비츠로셀","-4.22135509045761","OK","402"
"2023-11-24","ALL","OP(12MF_1M_CHG)","A083310","엘오티베큠","","BLANK","403"
"2023-11-24","ALL","OP(12MF_1M_CHG)","A084010","대한제강","-6.59508034422359","OK","404"
"2023-11-24","ALL","OP(12MF_1M_CHG)","A084110","휴온스글로벌","","BLANK","405"
"2023-11-24","ALL","OP(12MF_1M_CHG)","A084370","유진테크","3.75372741624277","OK","406"
"2023-11-24","ALL","OP(12MF_1M_CHG)","A084650","랩지노믹스","","BLANK","407"
"2023-11-24","ALL","OP(12MF_1M_CHG)","A084850","아이티엠반도체","","BLANK","408"
"2023-11-24","ALL","OP(12MF_1M_CHG)","A085620","미래에셋생명","-.685317000496604","OK","409"
"2023-11-24","ALL","OP(12MF_1M_CHG)","A085660","차바이오텍","","BLANK","410"
"2023-11-24","ALL","OP(12MF_1M_CHG)","A086280","현대글로비스",".542339163281986","OK","411"
"2023-11-24","ALL","OP(12MF_1M_CHG)","A086390","유니테스트","","BLANK","412"
"2023-11-24","ALL","OP(12MF_1M_CHG)","A086450","동국제약","1.02927416120839","OK","413"
"2023-11-24","ALL","OP(12MF_1M_CHG)","A086520","에코프로","-39.8337495626576","OK","414"
"2023-11-24","ALL","OP(12MF_1M_CHG)","A086790","하나금융지주","-.720739472265062","OK","415"
"2023-11-24","ALL","OP(12MF_1M_CHG)","A086900","메디톡스","-.685033507073727","OK","416"
"2023-11-24","ALL","OP(12MF_1M_CHG)","A087010","펩트론","","BLANK","417"
"2023-11-24","ALL","OP(12MF_1M_CHG)","A088350","한화생명","-6.91148055920067","OK","418"
"2023-11-24","ALL","OP(12MF_1M_CHG)","A089010","켐트로닉스","6.1182061182061","OK","419"
"2023-11-24","ALL","OP(12MF_1M_CHG)","A089030","테크윙","","BLANK","420"
"2023-11-24","ALL","OP(12MF_1M_CHG)","A089590","제주항공","-4.02265882690378","OK","421"
"2023-11-24","ALL","OP(12MF_1M_CHG)","A089860","롯데렌탈","-.902687940204123","OK","422"
"2023-11-24","ALL","OP(12MF_1M_CHG)","A089970","브이엠","","BLANK","423"
"2023-11-24","ALL","OP(12MF_1M_CHG)","A089980","상아프론테크","","BLANK","424"
"2023-11-24","ALL","OP(12MF_1M_CHG)","A090360","로보스타","","BLANK","425"
"2023-11-24","ALL","OP(12MF_1M_CHG)","A090430","아모레퍼시픽","30.2394799863154","OK","426"
"2023-11-24","ALL","OP(12MF_1M_CHG)","A090460","비에이치","-2.6857465106443","OK","427"
"2023-11-24","ALL","OP(12MF_1M_CHG)","A091120","이엠텍","","BLANK","428"
"2023-11-24","ALL","OP(12MF_1M_CHG)","A091700","파트론","6.56427134759554","OK","429"
"2023-11-24","ALL","OP(12MF_1M_CHG)","A091810","트리니티항공","-3.08508873776746","OK","430"
"2023-11-24","ALL","OP(12MF_1M_CHG)","A092070","디엔에프","","BLANK","431"
"2023-11-24","ALL","OP(12MF_1M_CHG)","A092220","KEC","","BLANK","432"
"2023-11-24","ALL","OP(12MF_1M_CHG)","A093050","LF","6.46474515551213","OK","433"
"2023-11-24","ALL","OP(12MF_1M_CHG)","A093320","케이아이엔엑스","1.18089103596351","OK","434"
"2023-11-24","ALL","OP(12MF_1M_CHG)","A093370","후성","","BLANK","435"
"2023-11-24","ALL","OP(12MF_1M_CHG)","A093640","케이알엠","","BLANK","436"
"2023-11-24","ALL","OP(12MF_1M_CHG)","A094170","동운아나텍","","BLANK","437"
"2023-11-24","ALL","OP(12MF_1M_CHG)","A094360","칩스앤미디어",".289575289575301","OK","438"
"2023-11-24","ALL","OP(12MF_1M_CHG)","A095340","ISC","-6.79712981082845","OK","439"
"2023-11-24","ALL","OP(12MF_1M_CHG)","A095500","미래나노텍","","BLANK","440"
"2023-11-24","ALL","OP(12MF_1M_CHG)","A095610","테스","","BLANK","441"
"2023-11-24","ALL","OP(12MF_1M_CHG)","A095660","네오위즈","-4.54146940206909","OK","442"
"2023-11-24","ALL","OP(12MF_1M_CHG)","A095700","제넥신","","BLANK","443"
"2023-11-24","ALL","OP(12MF_1M_CHG)","A095720","웅진씽크빅","-3.55753196220121","OK","444"
"2023-11-24","ALL","OP(12MF_1M_CHG)","A096530","씨젠","","BLANK","445"
"2023-11-24","ALL","OP(12MF_1M_CHG)","A096770","SK이노베이션","2.62637451950139","OK","446"
"2023-11-24","ALL","OP(12MF_1M_CHG)","A097230","HJ중공업","","BLANK","447"
"2023-11-24","ALL","OP(12MF_1M_CHG)","A097520","엠씨넥스","12.8205128205128","OK","448"
"2023-11-24","ALL","OP(12MF_1M_CHG)","A097950","CJ제일제당","1.03671734340369","OK","449"
"2023-11-24","ALL","OP(12MF_1M_CHG)","A098460","고영","-2.1529888551165","OK","450"
"2023-11-24","ALL","OP(12MF_1M_CHG)","A099190","아이센스","-4.73015873015873","OK","451"
"2023-11-24","ALL","OP(12MF_1M_CHG)","A099320","쎄트렉아이","","BLANK","452"
"2023-11-24","ALL","OP(12MF_1M_CHG)","A099430","바이오플러스","","BLANK","453"
"2023-11-24","ALL","OP(12MF_1M_CHG)","A100090","SK오션플랜트","-9.57503556187768","OK","454"
"2023-11-24","ALL","OP(12MF_1M_CHG)","A100120","뷰웍스","-5.93197278911565","OK","455"
"2023-11-24","ALL","OP(12MF_1M_CHG)","A100790","미래에셋벤처투자","","BLANK","456"
"2023-11-24","ALL","OP(12MF_1M_CHG)","A101160","월덱스","","BLANK","457"
"2023-11-24","ALL","OP(12MF_1M_CHG)","A101490","에스앤에스텍","","BLANK","458"
"2023-11-24","ALL","OP(12MF_1M_CHG)","A101670","하이드로리튬","","BLANK","459"
"2023-11-24","ALL","OP(12MF_1M_CHG)","A101730","위메이드맥스","","BLANK","460"
"2023-11-24","ALL","OP(12MF_1M_CHG)","A102460","이연제약","","BLANK","461"
"2023-11-24","ALL","OP(12MF_1M_CHG)","A102710","이엔에프테크놀로지","","BLANK","462"
"2023-11-24","ALL","OP(12MF_1M_CHG)","A102940","코오롱생명과학","","BLANK","463"
"2023-11-24","ALL","OP(12MF_1M_CHG)","A103140","풍산","-1.99754034211604","OK","464"
"2023-11-24","ALL","OP(12MF_1M_CHG)","A103590","일진전기","","BLANK","465"
"2023-11-24","ALL","OP(12MF_1M_CHG)","A104700","한국철강","-2.31700288184439","OK","466"
"2023-11-24","ALL","OP(12MF_1M_CHG)","A104830","원익머트리얼즈","","BLANK","467"
"2023-11-24","ALL","OP(12MF_1M_CHG)","A105560","KB금융",".219356656073022","OK","468"
"2023-11-24","ALL","OP(12MF_1M_CHG)","A105630","한세실업","3.99955560493278","OK","469"
"2023-11-24","ALL","OP(12MF_1M_CHG)","A107600","새빗켐","","BLANK","470"
"2023-11-24","ALL","OP(12MF_1M_CHG)","A108230","톱텍","","BLANK","471"
"2023-11-24","ALL","OP(12MF_1M_CHG)","A108320","LX세미콘","-6.70619739862279","OK","472"
"2023-11-24","ALL","OP(12MF_1M_CHG)","A108490","로보티즈","","BLANK","473"
"2023-11-24","ALL","OP(12MF_1M_CHG)","A108670","LX하우시스","-1.02118791246961","OK","474"
"2023-11-24","ALL","OP(12MF_1M_CHG)","A108860","셀바스AI","","BLANK","475"
"2023-11-24","ALL","OP(12MF_1M_CHG)","A110990","디아이티","","BLANK","476"
"2023-11-24","ALL","OP(12MF_1M_CHG)","A111770","영원무역","-6.03014395497349","OK","477"
"2023-11-24","ALL","OP(12MF_1M_CHG)","A112040","위메이드","167.79746835443","OK","478"
"2023-11-24","ALL","OP(12MF_1M_CHG)","A112610","씨에스윈드","-11.4936954413191","OK","479"
"2023-11-24","ALL","OP(12MF_1M_CHG)","A114090","GKL","-4.05483684108902","OK","480"
"2023-11-24","ALL","OP(12MF_1M_CHG)","A114190","강원에너지","","BLANK","481"
"2023-11-24","ALL","OP(12MF_1M_CHG)","A114810","한솔아이원스","","BLANK","482"
"2023-11-24","ALL","OP(12MF_1M_CHG)","A115450","HLB테라퓨틱스","","BLANK","483"
"2023-11-24","ALL","OP(12MF_1M_CHG)","A117730","티로보틱스","","BLANK","484"
"2023-11-24","ALL","OP(12MF_1M_CHG)","A118990","모트렉스","","BLANK","485"
"2023-11-24","ALL","OP(12MF_1M_CHG)","A119610","인터로조","3.22779605263158","OK","486"
"2023-11-24","ALL","OP(12MF_1M_CHG)","A120110","코오롱인더","-16.4113040517535","OK","487"
"2023-11-24","ALL","OP(12MF_1M_CHG)","A121600","나노신소재","-40.1644736842105","OK","488"
"2023-11-24","ALL","OP(12MF_1M_CHG)","A121800","비덴트","","BLANK","489"
"2023-11-24","ALL","OP(12MF_1M_CHG)","A122640","예스티","","BLANK","490"
"2023-11-24","ALL","OP(12MF_1M_CHG)","A122870","와이지엔터테인먼트","-9.68258736357265","OK","491"
"2023-11-24","ALL","OP(12MF_1M_CHG)","A122900","아이마켓코리아","1.00502512562814","OK","492"
"2023-11-24","ALL","OP(12MF_1M_CHG)","A123860","아나패스","","BLANK","493"
"2023-11-24","ALL","OP(12MF_1M_CHG)","A123890","한국자산신탁","12.766267872775","OK","494"
"2023-11-24","ALL","OP(12MF_1M_CHG)","A126340","비나텍","2.2950819672131","OK","495"
"2023-11-24","ALL","OP(12MF_1M_CHG)","A126560","현대퓨처넷","","BLANK","496"
"2023-11-24","ALL","OP(12MF_1M_CHG)","A126700","하이비젼시스템","-2.39710538218001","OK","497"
"2023-11-24","ALL","OP(12MF_1M_CHG)","A126720","수산인더스트리","","BLANK","498"
"2023-11-24","ALL","OP(12MF_1M_CHG)","A128940","한미약품","4.09982174688056","OK","499"
"2023-11-24","ALL","OP(12MF_1M_CHG)","A131290","티에스이","9.32230353165765","OK","500"
"2023-11-24","ALL","OP(12MF_1M_CHG)","A131970","두산테스나","3.37900603808639","OK","501"
"2023-11-24","ALL","OP(12MF_1M_CHG)","A136480","하림","","BLANK","502"
"2023-11-24","ALL","OP(12MF_1M_CHG)","A137310","에스디바이오센서","34.0201760034342","OK","503"
"2023-11-24","ALL","OP(12MF_1M_CHG)","A137400","피엔티","3.09313624854582","OK","504"
"2023-11-24","ALL","OP(12MF_1M_CHG)","A138040","메리츠금융지주","1.40588841178752","OK","505"
"2023-11-24","ALL","OP(12MF_1M_CHG)","A138930","BNK금융지주","-2.02549172761487","OK","506"
"2023-11-24","ALL","OP(12MF_1M_CHG)","A139130","iM금융지주","-.168230795968027","OK","507"
"2023-11-24","ALL","OP(12MF_1M_CHG)","A139480","이마트","-10.4475494715937","OK","508"
"2023-11-24","ALL","OP(12MF_1M_CHG)","A140410","메지온","","BLANK","509"
"2023-11-24","ALL","OP(12MF_1M_CHG)","A140860","파크시스템스","-10.6782945736434","OK","510"
"2023-11-24","ALL","OP(12MF_1M_CHG)","A141080","리가켐바이오","-.136715783077629","OK","511"
"2023-11-24","ALL","OP(12MF_1M_CHG)","A144510","지씨셀","","BLANK","512"
"2023-11-24","ALL","OP(12MF_1M_CHG)","A145020","휴젤","17.7657908473987","OK","513"
"2023-11-24","ALL","OP(12MF_1M_CHG)","A145720","덴티움","-3.70159453302961","OK","514"
"2023-11-24","ALL","OP(12MF_1M_CHG)","A145990","삼양사","","BLANK","515"
"2023-11-24","ALL","OP(12MF_1M_CHG)","A146320","비씨엔씨","-14.8202494497432","OK","516"
"2023-11-24","ALL","OP(12MF_1M_CHG)","A151860","KG에코솔루션","","BLANK","517"
"2023-11-24","ALL","OP(12MF_1M_CHG)","A161000","애경케미칼","","BLANK","518"
"2023-11-24","ALL","OP(12MF_1M_CHG)","A161390","한국타이어앤테크놀로지","21.8106746007651","OK","519"
"2023-11-24","ALL","OP(12MF_1M_CHG)","A161890","한국콜마","-3.80406994580224","OK","520"
"2023-11-24","ALL","OP(12MF_1M_CHG)","A166090","하나머티리얼즈","-24.3194658448896","OK","521"
"2023-11-24","ALL","OP(12MF_1M_CHG)","A170900","동아에스티","6.13697005632968","OK","522"
"2023-11-24","ALL","OP(12MF_1M_CHG)","A175330","JB금융지주","1.85738559793754","OK","523"
"2023-11-24","ALL","OP(12MF_1M_CHG)","A178320","서진시스템","3.53683056114056","OK","524"
"2023-11-24","ALL","OP(12MF_1M_CHG)","A178920","PI첨단소재","-19.2982456140351","OK","525"
"2023-11-24","ALL","OP(12MF_1M_CHG)","A179900","유티아이","","BLANK","526"
"2023-11-24","ALL","OP(12MF_1M_CHG)","A180640","한진칼","","BLANK","527"
"2023-11-24","ALL","OP(12MF_1M_CHG)","A181710","NHN","3.52850687433901","OK","528"
"2023-11-24","ALL","OP(12MF_1M_CHG)","A182400","엔케이젠바이오텍코리아","","BLANK","529"
"2023-11-24","ALL","OP(12MF_1M_CHG)","A183190","아세아시멘트","-.234358355230461","OK","530"
"2023-11-24","ALL","OP(12MF_1M_CHG)","A183300","코미코","","BLANK","531"
"2023-11-24","ALL","OP(12MF_1M_CHG)","A185750","종근당","1.42987023720969","OK","532"
"2023-11-24","ALL","OP(12MF_1M_CHG)","A189300","인텔리안테크",".561293219577908","OK","533"
"2023-11-24","ALL","OP(12MF_1M_CHG)","A192080","더블유게임즈","9.83524462917523","OK","534"
"2023-11-24","ALL","OP(12MF_1M_CHG)","A192400","쿠쿠홀딩스","","BLANK","535"
"2023-11-24","ALL","OP(12MF_1M_CHG)","A192650","드림텍","-3.06207664470632","OK","536"
"2023-11-24","ALL","OP(12MF_1M_CHG)","A192820","코스맥스","1.10014272121788","OK","537"
"2023-11-24","ALL","OP(12MF_1M_CHG)","A194480","데브시스터즈","-4.32554634513941","OK","538"
"2023-11-24","ALL","OP(12MF_1M_CHG)","A195870","해성디에스","-17.2782580851745","OK","539"
"2023-11-24","ALL","OP(12MF_1M_CHG)","A195940","HK이노엔","5.21150592216581","OK","540"
"2023-11-24","ALL","OP(12MF_1M_CHG)","A196170","알테오젠","40.0512820512821","OK","541"
"2023-11-24","ALL","OP(12MF_1M_CHG)","A199800","툴젠","","BLANK","542"
"2023-11-24","ALL","OP(12MF_1M_CHG)","A200130","콜마비앤에이치",".41389238797912","OK","543"
"2023-11-24","ALL","OP(12MF_1M_CHG)","A200670","휴메딕스","3.71884735202493","OK","544"
"2023-11-24","ALL","OP(12MF_1M_CHG)","A200710","에이디테크놀로지","","BLANK","545"
"2023-11-24","ALL","OP(12MF_1M_CHG)","A200880","서연이화","","BLANK","546"
"2023-11-24","ALL","OP(12MF_1M_CHG)","A204270","제이앤티씨","34.735827846475","OK","547"
"2023-11-24","ALL","OP(12MF_1M_CHG)","A204320","HL만도","-.957829940486833","OK","548"
"2023-11-24","ALL","OP(12MF_1M_CHG)","A204620","글로벌텍스프리","3.75849660135945","OK","549"
"2023-11-24","ALL","OP(12MF_1M_CHG)","A205470","휴마시스","","BLANK","550"
"2023-11-24","ALL","OP(12MF_1M_CHG)","A206640","바디텍메드","","BLANK","551"
"2023-11-24","ALL","OP(12MF_1M_CHG)","A206650","유바이오로직스","","BLANK","552"
"2023-11-24","ALL","OP(12MF_1M_CHG)","A207940","삼성바이오로직스","3.73623089757531","OK","553"
"2023-11-24","ALL","OP(12MF_1M_CHG)","A210980","SK디앤디","-12.4861033907726","OK","554"
"2023-11-24","ALL","OP(12MF_1M_CHG)","A213420","덕산네오룩스","-.976403580146454","OK","555"
"2023-11-24","ALL","OP(12MF_1M_CHG)","A214150","클래시스","4.59435626102292","OK","556"
"2023-11-24","ALL","OP(12MF_1M_CHG)","A214320","이노션","1.19671388834982","OK","557"
"2023-11-24","ALL","OP(12MF_1M_CHG)","A214370","케어젠","","BLANK","558"
"2023-11-24","ALL","OP(12MF_1M_CHG)","A214390","경보제약","","BLANK","559"
"2023-11-24","ALL","OP(12MF_1M_CHG)","A214450","파마리서치","13.3359443846079","OK","560"
"2023-11-24","ALL","OP(12MF_1M_CHG)","A214680","디알텍","6.32984901277584","OK","561"
"2023-11-24","ALL","OP(12MF_1M_CHG)","A215000","골프존","-15.515736808424","OK","562"
"2023-11-24","ALL","OP(12MF_1M_CHG)","A215200","메가스터디교육","-3.96231124422813","OK","563"
"2023-11-24","ALL","OP(12MF_1M_CHG)","A215600","신라젠","","BLANK","564"
"2023-11-24","ALL","OP(12MF_1M_CHG)","A216080","제테마","","BLANK","565"
"2023-11-24","ALL","OP(12MF_1M_CHG)","A217270","넵튠","","BLANK","566"
"2023-11-24","ALL","OP(12MF_1M_CHG)","A217330","싸이토젠","","BLANK","567"
"2023-11-24","ALL","OP(12MF_1M_CHG)","A217820","원익피앤이","","BLANK","568"
"2023-11-24","ALL","OP(12MF_1M_CHG)","A218410","RFHIC","","BLANK","569"
"2023-11-24","ALL","OP(12MF_1M_CHG)","A222080","SFA넥셀","","BLANK","570"
"2023-11-24","ALL","OP(12MF_1M_CHG)","A222800","심텍","-12.7063951051882","OK","571"
"2023-11-24","ALL","OP(12MF_1M_CHG)","A225570","넥슨게임즈","-31.877624475105","OK","572"
"2023-11-24","ALL","OP(12MF_1M_CHG)","A226320","잇츠한불","","BLANK","573"
"2023-11-24","ALL","OP(12MF_1M_CHG)","A228670","레이","-3.77169559412551","OK","574"
"2023-11-24","ALL","OP(12MF_1M_CHG)","A228760","지노믹트리","","BLANK","575"
"2023-11-24","ALL","OP(12MF_1M_CHG)","A229640","LS에코에너지","9.27796483352039","OK","576"
"2023-11-24","ALL","OP(12MF_1M_CHG)","A230240","에치에프알","","BLANK","577"
"2023-11-24","ALL","OP(12MF_1M_CHG)","A230360","에코마케팅","-1.59552134359692","OK","578"
"2023-11-24","ALL","OP(12MF_1M_CHG)","A232140","와이씨","","BLANK","579"
"2023-11-24","ALL","OP(12MF_1M_CHG)","A237690","에스티팜","-5.28756957328385","OK","580"
"2023-11-24","ALL","OP(12MF_1M_CHG)","A237880","클리오","20.8820882088209","OK","581"
"2023-11-24","ALL","OP(12MF_1M_CHG)","A240810","원익IPS","-2.66666666666667","OK","582"
"2023-11-24","ALL","OP(12MF_1M_CHG)","A241560","두산밥캣","-8.65584595023054","OK","583"
"2023-11-24","ALL","OP(12MF_1M_CHG)","A241590","화승엔터프라이즈","-17.3824908146459","OK","584"
"2023-11-24","ALL","OP(12MF_1M_CHG)","A241710","코스메카코리아","18.4536690930553","OK","585"
"2023-11-24","ALL","OP(12MF_1M_CHG)","A243070","휴온스","-2.7732902530964","OK","586"
"2023-11-24","ALL","OP(12MF_1M_CHG)","A243840","신흥에스이씨","2.59465692869499","OK","587"
"2023-11-24","ALL","OP(12MF_1M_CHG)","A247540","에코프로비엠","-22.5328513582699","OK","588"
"2023-11-24","ALL","OP(12MF_1M_CHG)","A248070","솔루엠","5.75665576833255","OK","589"
"2023-11-24","ALL","OP(12MF_1M_CHG)","A249420","일동제약","","BLANK","590"
"2023-11-24","ALL","OP(12MF_1M_CHG)","A251270","넷마블","-7.92965134217833","OK","591"
"2023-11-24","ALL","OP(12MF_1M_CHG)","A251970","펌텍코리아","-3.90606278456745","OK","592"
"2023-11-24","ALL","OP(12MF_1M_CHG)","A252990","샘씨엔에스","","BLANK","593"
"2023-11-24","ALL","OP(12MF_1M_CHG)","A253450","스튜디오드래곤",".700546188553792","OK","594"
"2023-11-24","ALL","OP(12MF_1M_CHG)","A254490","미래반도체","","BLANK","595"
"2023-11-24","ALL","OP(12MF_1M_CHG)","A257720","실리콘투","3.08037862987326","OK","596"
"2023-11-24","ALL","OP(12MF_1M_CHG)","A259960","크래프톤","7.07250240687255","OK","597"
"2023-11-24","ALL","OP(12MF_1M_CHG)","A263720","디앤씨미디어","13.6697247706422","OK","598"
"2023-11-24","ALL","OP(12MF_1M_CHG)","A263750","펄어비스","-34.6423314689432","OK","599"
"2023-11-24","ALL","OP(12MF_1M_CHG)","A265520","AP시스템","","BLANK","600"
"2023-11-24","ALL","OP(12MF_1M_CHG)","A267250","HD현대","4.14246061468162","OK","601"
"2023-11-24","ALL","OP(12MF_1M_CHG)","A267260","HD현대일렉트릭","15.0867568257209","OK","602"
"2023-11-24","ALL","OP(12MF_1M_CHG)","A267270","HD건설기계","-9.33656354826687","OK","603"
"2023-11-24","ALL","OP(12MF_1M_CHG)","A267980","매일유업","-.820958589882884","OK","604"
"2023-11-24","ALL","OP(12MF_1M_CHG)","A268280","미원에스씨","","BLANK","605"
"2023-11-24","ALL","OP(12MF_1M_CHG)","A271560","오리온","5.65507679959245E-02","OK","606"
"2023-11-24","ALL","OP(12MF_1M_CHG)","A271940","일진하이솔루스","60","OK","607"
"2023-11-24","ALL","OP(12MF_1M_CHG)","A272210","한화시스템","8.42123925183938","OK","608"
"2023-11-24","ALL","OP(12MF_1M_CHG)","A272290","이녹스첨단소재","1.34591050270331","OK","609"
"2023-11-24","ALL","OP(12MF_1M_CHG)","A272450","진에어","-3.00379600594157","OK","610"
"2023-11-24","ALL","OP(12MF_1M_CHG)","A272550","삼양패키징","","BLANK","611"
"2023-11-24","ALL","OP(12MF_1M_CHG)","A277810","레인보우로보틱스","83.3333333333333","OK","612"
"2023-11-24","ALL","OP(12MF_1M_CHG)","A278280","천보","-32.0278637770898","OK","613"
"2023-11-24","ALL","OP(12MF_1M_CHG)","A280360","롯데웰푸드","8.83928148253471","OK","614"
"2023-11-24","ALL","OP(12MF_1M_CHG)","A281740","레이크머티리얼즈","","BLANK","615"
"2023-11-24","ALL","OP(12MF_1M_CHG)","A281820","케이씨텍","","BLANK","616"
"2023-11-24","ALL","OP(12MF_1M_CHG)","A282330","BGF리테일","-2.19032718862662","OK","617"
"2023-11-24","ALL","OP(12MF_1M_CHG)","A282880","코윈테크","-9.5818520399526","OK","618"
"2023-11-24","ALL","OP(12MF_1M_CHG)","A284740","쿠쿠홈시스","","BLANK","619"
"2023-11-24","ALL","OP(12MF_1M_CHG)","A285130","SK케미칼","","BLANK","620"
"2023-11-24","ALL","OP(12MF_1M_CHG)","A285490","노바텍","-8.56835885038947","OK","621"
"2023-11-24","ALL","OP(12MF_1M_CHG)","A286940","롯데이노베이트","13.6712503997442","OK","622"
"2023-11-24","ALL","OP(12MF_1M_CHG)","A290650","엘앤씨바이오","","BLANK","623"
"2023-11-24","ALL","OP(12MF_1M_CHG)","A293490","카카오게임즈","-11.56191369606","OK","624"
"2023-11-24","ALL","OP(12MF_1M_CHG)","A294090","이오플로우","","BLANK","625"
"2023-11-24","ALL","OP(12MF_1M_CHG)","A294870","IPARK현대산업개발","3.87564766839378","OK","626"
"2023-11-24","ALL","OP(12MF_1M_CHG)","A297090","씨에스베어링","-26.8438177874187","OK","627"
"2023-11-24","ALL","OP(12MF_1M_CHG)","A297890","HB솔루션","","BLANK","628"
"2023-11-24","ALL","OP(12MF_1M_CHG)","A298000","효성화학","-20.8889574812871","OK","629"
"2023-11-24","ALL","OP(12MF_1M_CHG)","A298020","효성티앤씨","2.98028152105406","OK","630"
"2023-11-24","ALL","OP(12MF_1M_CHG)","A298040","효성중공업","17.0978538036549","OK","631"
"2023-11-24","ALL","OP(12MF_1M_CHG)","A298050","HS효성첨단소재","-1.4188600313753","OK","632"
"2023-11-24","ALL","OP(12MF_1M_CHG)","A298380","에이비엘바이오","","BLANK","633"
"2023-11-24","ALL","OP(12MF_1M_CHG)","A298540","더네이쳐홀딩스","-4.1248206599713","OK","634"
"2023-11-24","ALL","OP(12MF_1M_CHG)","A298690","에어부산","","BLANK","635"
"2023-11-24","ALL","OP(12MF_1M_CHG)","A298830","슈어소프트테크","","BLANK","636"
"2023-11-24","ALL","OP(12MF_1M_CHG)","A299030","하나기술","5.57739557739557","OK","637"
"2023-11-24","ALL","OP(12MF_1M_CHG)","A299900","위지윅스튜디오","17.6056338028169","OK","638"
"2023-11-24","ALL","OP(12MF_1M_CHG)","A300720","한일시멘트","","BLANK","639"
"2023-11-24","ALL","OP(12MF_1M_CHG)","A302440","SK바이오사이언스","","BLANK","640"
"2023-11-24","ALL","OP(12MF_1M_CHG)","A304100","솔트룩스","","BLANK","641"
"2023-11-24","ALL","OP(12MF_1M_CHG)","A306200","세아제강","-9.84304006608839","OK","642"
"2023-11-24","ALL","OP(12MF_1M_CHG)","A307750","국전","","BLANK","643"
"2023-11-24","ALL","OP(12MF_1M_CHG)","A307950","현대오토에버","-2.95688247495477","OK","644"
"2023-11-24","ALL","OP(12MF_1M_CHG)","A310210","보로노이","","BLANK","645"
"2023-11-24","ALL","OP(12MF_1M_CHG)","A314930","바이오다인","","BLANK","646"
"2023-11-24","ALL","OP(12MF_1M_CHG)","A315640","딥노이드","","BLANK","647"
"2023-11-24","ALL","OP(12MF_1M_CHG)","A316140","우리금융지주","-1.46031937386401","OK","648"
"2023-11-24","ALL","OP(12MF_1M_CHG)","A317330","덕산테코피아","","BLANK","649"
"2023-11-24","ALL","OP(12MF_1M_CHG)","A319400","현대무벡스","","BLANK","650"
"2023-11-24","ALL","OP(12MF_1M_CHG)","A319660","피에스케이","-4.05888237816207","OK","651"
"2023-11-24","ALL","OP(12MF_1M_CHG)","A322000","HD현대에너지솔루션","-16.6875260742595","OK","652"
"2023-11-24","ALL","OP(12MF_1M_CHG)","A322510","제이엘케이","","BLANK","653"
"2023-11-24","ALL","OP(12MF_1M_CHG)","A323410","카카오뱅크","2.09427838840974","OK","654"
"2023-11-24","ALL","OP(12MF_1M_CHG)","A323990","박셀바이오","","BLANK","655"
"2023-11-24","ALL","OP(12MF_1M_CHG)","A326030","SK바이오팜","-13.0649876321115","OK","656"
"2023-11-24","ALL","OP(12MF_1M_CHG)","A328130","루닛","-10.9015345268542","OK","657"
"2023-11-24","ALL","OP(12MF_1M_CHG)","A329180","HD현대중공업","-8.32810099525749","OK","658"
"2023-11-24","ALL","OP(12MF_1M_CHG)","A330860","네패스아크","","BLANK","659"
"2023-11-24","ALL","OP(12MF_1M_CHG)","A334970","프레스티지바이오로직스","","BLANK","660"
"2023-11-24","ALL","OP(12MF_1M_CHG)","A336260","두산퓨얼셀","-15.8344827586207","OK","661"
"2023-11-24","ALL","OP(12MF_1M_CHG)","A336370","솔루스첨단소재","-154.984894259819","OK","662"
"2023-11-24","ALL","OP(12MF_1M_CHG)","A336570","원텍","-6.3649596400688","OK","663"
"2023-11-24","ALL","OP(12MF_1M_CHG)","A338220","뷰노","40.7407407407407","OK","664"
"2023-11-24","ALL","OP(12MF_1M_CHG)","A340570","티앤엘","-3.30053300533005","OK","665"
"2023-11-24","ALL","OP(12MF_1M_CHG)","A344820","KCC글라스","","BLANK","666"
"2023-11-24","ALL","OP(12MF_1M_CHG)","A348210","넥스틴",".587314017227863","OK","667"
"2023-11-24","ALL","OP(12MF_1M_CHG)","A348340","뉴로메카","","BLANK","668"
"2023-11-24","ALL","OP(12MF_1M_CHG)","A348370","엔켐","","BLANK","669"
"2023-11-24","ALL","OP(12MF_1M_CHG)","A352480","씨앤씨인터내셔널","-.977353992848638","OK","670"
"2023-11-24","ALL","OP(12MF_1M_CHG)","A352820","하이브","3.59830879486641","OK","671"
"2023-11-24","ALL","OP(12MF_1M_CHG)","A353200","대덕전자","-15.355299722112","OK","672"
"2023-11-24","ALL","OP(12MF_1M_CHG)","A354320","알멕","","BLANK","673"
"2023-11-24","ALL","OP(12MF_1M_CHG)","A356860","티엘비","","BLANK","674"
"2023-11-24","ALL","OP(12MF_1M_CHG)","A357550","석경에이티","","BLANK","675"
"2023-11-24","ALL","OP(12MF_1M_CHG)","A357780","솔브레인","-15.495658658712","OK","676"
"2023-11-24","ALL","OP(12MF_1M_CHG)","A358570","지아이이노베이션","18.0372735566271","OK","677"
"2023-11-24","ALL","OP(12MF_1M_CHG)","A360070","탑머티리얼","","BLANK","678"
"2023-11-24","ALL","OP(12MF_1M_CHG)","A361610","SK아이이테크놀로지","-17.8445919562671","OK","679"
"2023-11-24","ALL","OP(12MF_1M_CHG)","A363280","티와이홀딩스","","BLANK","680"
"2023-11-24","ALL","OP(12MF_1M_CHG)","A365340","성일하이텍","-54.8709122203098","OK","681"
"2023-11-24","ALL","OP(12MF_1M_CHG)","A370090","퓨런티어","-4.01258851298192","OK","682"
"2023-11-24","ALL","OP(12MF_1M_CHG)","A372170","윤성에프앤씨","","BLANK","683"
"2023-11-24","ALL","OP(12MF_1M_CHG)","A372320","큐로셀","","BLANK","684"
"2023-11-24","ALL","OP(12MF_1M_CHG)","A373220","LG에너지솔루션","-7.13285223430006","OK","685"
"2023-11-24","ALL","OP(12MF_1M_CHG)","A375500","DL이앤씨","-.805073403751524","OK","686"
"2023-11-24","ALL","OP(12MF_1M_CHG)","A376300","디어유","4.1036221916552","OK","687"
"2023-11-24","ALL","OP(12MF_1M_CHG)","A377300","카카오페이","259.661016949152","OK","688"
"2023-11-24","ALL","OP(12MF_1M_CHG)","A377740","바이오노트","","BLANK","689"
"2023-11-24","ALL","OP(12MF_1M_CHG)","A378340","필에너지","","BLANK","690"
"2023-11-24","ALL","OP(12MF_1M_CHG)","A381970","케이카","-5.484232830612","OK","691"
"2023-11-24","ALL","OP(12MF_1M_CHG)","A382840","원준","4.45326278659613","OK","692"
"2023-11-24","ALL","OP(12MF_1M_CHG)","A383220","F&F","-2.52292255348596","OK","693"
"2023-11-24","ALL","OP(12MF_1M_CHG)","A383310","에코프로에이치엔","","BLANK","694"
"2023-11-24","ALL","OP(12MF_1M_CHG)","A383800","LX홀딩스","","BLANK","695"
"2023-11-24","ALL","OP(12MF_1M_CHG)","A389260","대명에너지","-32.2097378277154","OK","696"
"2023-11-24","ALL","OP(12MF_1M_CHG)","A393890","더블유씨피","-16.2155511811024","OK","697"
"2023-11-24","ALL","OP(12MF_1M_CHG)","A394280","오픈엣지테크놀로지","42.6470588235294","OK","698"
"2023-11-24","ALL","OP(12MF_1M_CHG)","A396270","넥스트칩","","BLANK","699"
"2023-11-24","ALL","OP(12MF_1M_CHG)","A399720","가온칩스","","BLANK","700"
"2023-11-24","ALL","OP(12MF_1M_CHG)","A402030","코난테크놀로지","","BLANK","701"
"2023-11-24","ALL","OP(12MF_1M_CHG)","A402340","SK스퀘어","58.623154884562","OK","702"
"2023-11-24","ALL","OP(12MF_1M_CHG)","A403550","쏘카","-17.1204430087679","OK","703"
"2023-11-24","ALL","OP(12MF_1M_CHG)","A403870","HPSP","1.47710487444608","OK","704"
"2023-11-24","ALL","OP(12MF_1M_CHG)","A417010","나노팀","","BLANK","705"
"2023-11-24","ALL","OP(12MF_1M_CHG)","A418550","제이오","-4.58177943526904","OK","706"
"2023-11-24","ALL","OP(12MF_1M_CHG)","A420770","기가비스","","BLANK","707"
"2023-11-24","ALL","OP(12MF_1M_CHG)","A425040","티이엠씨","","BLANK","708"
"2023-11-24","ALL","OP(12MF_1M_CHG)","A425420","티에프이","","BLANK","709"
"2023-11-24","ALL","OP(12MF_1M_CHG)","A439090","마녀공장","","BLANK","710"
"2023-11-24","ALL","OP(12MF_1M_CHG)","A440110","파두","","BLANK","711"
"2023-11-24","ALL","OP(12MF_1M_CHG)","A441270","파인엠텍","-4.53793429449303","OK","712"
"2023-11-24","ALL","OP(12MF_1M_CHG)","A445090","에이직랜드","3.76923076923077","OK","713"
"2023-11-24","ALL","OP(12MF_1M_CHG)","A445680","큐리옥스바이오시스템즈","","BLANK","714"
"2023-11-24","ALL","OP(12MF_1M_CHG)","A448280","에코아이","","BLANK","715"
"2023-11-24","ALL","OP(12MF_1M_CHG)","A450080","에코프로머티","","BLANK","716"
"2023-11-24","ALL","OP(12MF_1M_CHG)","A453340","현대그린푸드","3.02178496134926","OK","717"
"2023-11-24","ALL","OP(12MF_1M_CHG)","A454910","두산로보틱스","","BLANK","718"
"2023-11-24","ALL","OP(12MF_1M_CHG)","A456040","OCI","5.98548537759576","OK","719"
"2023-11-24","ALL","OP(12MF_1M_CHG)","A457190","이수스페셜티케미컬","","BLANK","720"
"2023-11-24","ALL","OP(12MF_1M_CHG)","A460860","동국제강","-9.47752442996743","OK","721"
"2023-11-24","ALL","OP(12MF_1M_CHG)","A462520","조선내화","","BLANK","722"
"2023-11-24","ALL","OP(12MF_1M_CHG)","A900140","엘브이엠씨홀딩스","","BLANK","723"
"2023-11-24","ALL","OP(12MF_1M_CHG)","A950130","엑세스바이오","","BLANK","724"
"2023-11-24","ALL","OP(12MF_1M_CHG)","A950140","잉글우드랩","1.64092664092665","OK","725"
"2023-11-24","ALL","OP(12MF_1M_CHG)","A950160","코오롱티슈진","","BLANK","726"
"2023-11-24","ALL","OP(12MF_1M_CHG)","A950210","프레스티지바이오파마","","BLANK","727"
