Date,Universe,Factor,StockCode,StockName,FactorValue,ValueStatus,SourceRow
"2019-11-19","ALL","ธ๐ธเลา(12-1)","A000050","ฐๆนๆ","-12.0148637489678","OK","14"
"2019-11-19","ALL","ธ๐ธเลา(12-1)","A000070","ป๏พ็ศฆต๙ฝบ","-20.8645135880268","OK","15"
"2019-11-19","ALL","ธ๐ธเลา(12-1)","A000080","วฯภฬฦฎม๘ทฮ","59.4045284364414","OK","16"
"2019-11-19","ALL","ธ๐ธเลา(12-1)","A000100","ภฏวัพ็วเ","-8.84910485933504","OK","17"
"2019-11-19","ALL","ธ๐ธเลา(12-1)","A000120","CJด๋วัล๋ฟ๎","4.01399552920594","OK","18"
"2019-11-19","ALL","ธ๐ธเลา(12-1)","A000140","วฯภฬฦฎม๘ทฮศฆต๙ฝบ","68.1484984629936","OK","19"
"2019-11-19","ALL","ธ๐ธเลา(12-1)","A000150","ตฮป๊","-22.7637921799679","OK","20"
"2019-11-19","ALL","ธ๐ธเลา(12-1)","A000210","DL","10.4460580912863","OK","21"
"2019-11-19","ALL","ธ๐ธเลา(12-1)","A000240","วัฑนพุฤฤฦÛดฯ","-17.1721111652852","OK","22"
"2019-11-19","ALL","ธ๐ธเลา(12-1)","A000250","ป๏รตด็มฆพเ","-11.5913978494624","OK","23"
"2019-11-19","ALL","ธ๐ธเลา(12-1)","A000270","ฑโพฦ","36.6996453238753","OK","24"
"2019-11-19","ALL","ธ๐ธเลา(12-1)","A000370","วัศญผีวุบธว่","-52.573491490459","OK","25"
"2019-11-19","ALL","ธ๐ธเลา(12-1)","A000400","ทิตฅผีวุบธว่","-18.3776676443815","OK","26"
"2019-11-19","ALL","ธ๐ธเลา(12-1)","A000480","CRศฆต๙ฝบ",".476099790516088","OK","27"
"2019-11-19","ALL","ธ๐ธเลา(12-1)","A000640","ตฟพฦฝ๎ฝรฟภศฆต๙ฝบ","-12.7796447431589","OK","28"
"2019-11-19","ALL","ธ๐ธเลา(12-1)","A000660","SKวฯภฬดะฝบ","10.8883041466292","OK","29"
"2019-11-19","ALL","ธ๐ธเลา(12-1)","A000670","ฟตวณ","-13.8864285011318","OK","30"
"2019-11-19","ALL","ธ๐ธเลา(12-1)","A000720","ว๖ด๋ฐวผณ","-17.2254102486661","OK","31"
"2019-11-19","ALL","ธ๐ธเลา(12-1)","A000810","ป๏ผบศญภ็","-20.5742536603917","OK","32"
"2019-11-19","ALL","ธ๐ธเลา(12-1)","A000880","วัศญ","-17.7152159341185","OK","33"
"2019-11-19","ALL","ธ๐ธเลา(12-1)","A000990","DBวฯภฬลุ","40.499671268902","OK","34"
"2019-11-19","ALL","ธ๐ธเลา(12-1)","A001040","CJ","-30.6382199432286","OK","35"
"2019-11-19","ALL","ธ๐ธเลา(12-1)","A001060","JWม฿ฟÜมฆพเ","-24.7355724624234","OK","36"
"2019-11-19","ALL","ธ๐ธเลา(12-1)","A001120","LXภฮลอณปผลณฮ","-8.64442127215851","OK","37"
"2019-11-19","ALL","ธ๐ธเลา(12-1)","A001130","ด๋วัมฆบะ","-11.5194346289753","OK","38"
"2019-11-19","ALL","ธ๐ธเลา(12-1)","A001230","ตฟฑนศฆต๙ฝบ","-20.3649937785151","OK","39"
"2019-11-19","ALL","ธ๐ธเลา(12-1)","A001360","ป๏ผบมฆพเ","12.683190382927","OK","40"
"2019-11-19","ALL","ธ๐ธเลา(12-1)","A001430","ผผพฦบฃฝบฦฟม๖มึ","-2.77280015090069","OK","41"
"2019-11-19","ALL","ธ๐ธเลา(12-1)","A001440","ด๋วัภüผฑ","-45.7963589790504","OK","42"
"2019-11-19","ALL","ธ๐ธเลา(12-1)","A001450","ว๖ด๋วุป๓","-38.6453433678269","OK","43"
"2019-11-19","ALL","ธ๐ธเลา(12-1)","A001500","ว๖ด๋ย๗ม๕ฑว","7.36434108527131","OK","44"
"2019-11-19","ALL","ธ๐ธเลา(12-1)","A001510","SKม๕ฑว","-16.1633220743095","OK","45"
"2019-11-19","ALL","ธ๐ธเลา(12-1)","A001520","ตฟพ็","-20.1120797011208","OK","46"
"2019-11-19","ALL","ธ๐ธเลา(12-1)","A001630","มพฑูด็ศฆต๙ฝบ","44.9316317228806","OK","47"
"2019-11-19","ALL","ธ๐ธเลา(12-1)","A001680","ด๋ป๓","-3.03687635574838","OK","48"
"2019-11-19","ALL","ธ๐ธเลา(12-1)","A001720","ฝลฟตม๕ฑว","-4.41539728283243","OK","49"
"2019-11-19","ALL","ธ๐ธเลา(12-1)","A001740","SKณืฦฎฟ๗ฝบ","11.408644739108","OK","50"
"2019-11-19","ALL","ธ๐ธเลา(12-1)","A001800","ฟภธฎฟยศฆต๙ฝบ","0","OK","51"
"2019-11-19","ALL","ธ๐ธเลา(12-1)","A001820","ป๏ศญฤÜตงผญ","-20.9599208312716","OK","52"
"2019-11-19","ALL","ธ๐ธเลา(12-1)","A002100","ฐๆณ๓","46.7782426778243","OK","53"
"2019-11-19","ALL","ธ๐ธเลา(12-1)","A002150","ตตศญฟฃม๖ดฯพ๎ธต","49.0484246140833","OK","54"
"2019-11-19","ALL","ธ๐ธเลา(12-1)","A002210","ตฟผบมฆพเ","-27.047095921066","OK","55"
"2019-11-19","ALL","ธ๐ธเลา(12-1)","A002240","ฐํทมมฆฐญ","10.5658801419921","OK","56"
"2019-11-19","ALL","ธ๐ธเลา(12-1)","A002310","พฦผผพฦมฆม๖","-.810619110345527","OK","57"
"2019-11-19","ALL","ธ๐ธเลา(12-1)","A002320","วัม๘","-18.1092567637608","OK","58"
"2019-11-19","ALL","ธ๐ธเลา(12-1)","A002350","ณุผพลธภฬพ๎","5.35859820700897","OK","59"
"2019-11-19","ALL","ธ๐ธเลา(12-1)","A002380","KCC","-21.25","OK","60"
"2019-11-19","ALL","ธ๐ธเลา(12-1)","A002390","วัตถ","-14.7603705195328","OK","61"
"2019-11-19","ALL","ธ๐ธเลา(12-1)","A002620","มฆภฯฦฤธถศฆต๙ฝบ","-25.2536303958623","OK","62"
"2019-11-19","ALL","ธ๐ธเลา(12-1)","A002780","ม๘ศ๏ฑโพ๗","-11.3775143678161","OK","63"
"2019-11-19","ALL","ธ๐ธเลา(12-1)","A002790","พฦธ๐ทนฦÛฝรวศศฆต๙ฝบ","14.8187919463087","OK","64"
"2019-11-19","ALL","ธ๐ธเลา(12-1)","A002810","ป๏ฟตนซฟช","18.2785109316525","OK","65"
"2019-11-19","ALL","ธ๐ธเลา(12-1)","A002840","นฬฟ๘ป๓ป็","53.6226034308779","OK","66"
"2019-11-19","ALL","ธ๐ธเลา(12-1)","A002960","วัฑนฝฉผฎภฏ","-5.08525576730192","OK","67"
"2019-11-19","ALL","ธ๐ธเลา(12-1)","A002990","ฑÝศฃฐวผณ","-.415498078321377","OK","68"
"2019-11-19","ALL","ธ๐ธเลา(12-1)","A003000","บฮฑคพเวฐ","-29.9970705985744","OK","69"
"2019-11-19","ALL","ธ๐ธเลา(12-1)","A003060","ฟกภฬวมทฮมจนูภฬฟภทฮม๗ฝบ","-53.9675259150537","OK","70"
"2019-11-19","ALL","ธ๐ธเลา(12-1)","A003090","ด๋ฟ๕","-12.7253333333333","OK","71"
"2019-11-19","ALL","ธ๐ธเลา(12-1)","A003220","ด๋ฟ๘มฆพเ","3.70164723301798E-02","OK","72"
"2019-11-19","ALL","ธ๐ธเลา(12-1)","A003230","ป๏พ็ฝฤวฐ","37.2517006802721","OK","73"
"2019-11-19","ALL","ธ๐ธเลา(12-1)","A003240","ลยฑคป๊พ๗","-17.1684210526316","OK","74"
"2019-11-19","ALL","ธ๐ธเลา(12-1)","A003300","วัภฯศฆต๙ฝบ","-20.8014650436281","OK","75"
"2019-11-19","ALL","ธ๐ธเลา(12-1)","A003380","วฯธฒม๖มึ","-16.3983050847458","OK","76"
"2019-11-19","ALL","ธ๐ธเลา(12-1)","A003470","ภฏพศลธม๕ฑว","-25.7754313189403","OK","77"
"2019-11-19","ALL","ธ๐ธเลา(12-1)","A003490","ด๋วัวืฐ๘","-23.6224199962128","OK","78"
"2019-11-19","ALL","ธ๐ธเลา(12-1)","A003520","ฟตม๘พเวฐ","-19.5539865679352","OK","79"
"2019-11-19","ALL","ธ๐ธเลา(12-1)","A003530","วัศญล๕ภฺม๕ฑว","-6.27518130539887","OK","80"
"2019-11-19","ALL","ธ๐ธเลา(12-1)","A003540","ด๋ฝลม๕ฑว","2.4493927125506","OK","81"
"2019-11-19","ALL","ธ๐ธเลา(12-1)","A003550","LG","-4.53305746261637","OK","82"
"2019-11-19","ALL","ธ๐ธเลา(12-1)","A003580","HLBฑÛทฮน๚","-42.4526714345814","OK","83"
"2019-11-19","ALL","ธ๐ธเลา(12-1)","A003620","KGธ๐บ๔ธฎฦผ","-32.3657817109144","OK","84"
"2019-11-19","ALL","ธ๐ธเลา(12-1)","A003670","ฦ๗ฝบฤฺวปรณฟฅ","-42.0461634435434","OK","85"
"2019-11-19","ALL","ธ๐ธเลา(12-1)","A003690","ฤฺธฎพศธฎ","-15.0205377147125","OK","86"
"2019-11-19","ALL","ธ๐ธเลา(12-1)","A003800","ฟกภฬฝบฤงด๋","46.2186539795817","OK","87"
"2019-11-19","ALL","ธ๐ธเลา(12-1)","A003850","บธทษ","16.1332144882911","OK","88"
"2019-11-19","ALL","ธ๐ธเลา(12-1)","A003920","ณฒพ็ภฏพ๗","-22.4708377518558","OK","89"
"2019-11-19","ALL","ธ๐ธเลา(12-1)","A004000","ทิตฅมคนะศญวะ","7.49156578686248","OK","90"
"2019-11-19","ALL","ธ๐ธเลา(12-1)","A004020","ว๖ด๋มฆรถ","-17.912984364378","OK","91"
"2019-11-19","ALL","ธ๐ธเลา(12-1)","A004170","ฝลผผฐ่","-15.862446410654","OK","92"
"2019-11-19","ALL","ธ๐ธเลา(12-1)","A004370","ณ๓ฝษ","1.60684474123538","OK","93"
"2019-11-19","ALL","ธ๐ธเลา(12-1)","A004380","ป๏ภอTHK","11.9255795038634","OK","94"
"2019-11-19","ALL","ธ๐ธเลา(12-1)","A004430","ผÛฟ๘ป๊พ๗","-7.2373719940168","OK","95"
"2019-11-19","ALL","ธ๐ธเลา(12-1)","A004490","ผผนๆภüม๖","7.90481117434041","OK","96"
"2019-11-19","ALL","ธ๐ธเลา(12-1)","A004690","ป๏รตธฎ","-8.51557964002322","OK","97"
"2019-11-19","ALL","ธ๐ธเลา(12-1)","A004700","มถฑคววว๕","1.34918388527221","OK","98"
"2019-11-19","ALL","ธ๐ธเลา(12-1)","A004800","ศฟผบ","72.2555923777962","OK","99"
"2019-11-19","ALL","ธ๐ธเลา(12-1)","A004990","ทิตฅม๖มึ","-30.2836134453781","OK","100"
"2019-11-19","ALL","ธ๐ธเลา(12-1)","A005180","บ๙ฑืทน","-17.0683971981871","OK","101"
"2019-11-19","ALL","ธ๐ธเลา(12-1)","A005250","ณ์ฝสภฺศฆต๙ฝบ","-17.44355073166","OK","102"
"2019-11-19","ALL","ธ๐ธเลา(12-1)","A005290","ตฟม๘ฝ๊นฬฤอ","104.434034208519","OK","103"
"2019-11-19","ALL","ธ๐ธเลา(12-1)","A005300","ทิตฅฤฅผบ","1.1607779248549","OK","104"
"2019-11-19","ALL","ธ๐ธเลา(12-1)","A005380","ว๖ด๋ย๗","21.1748499458821","OK","105"
"2019-11-19","ALL","ธ๐ธเลา(12-1)","A005440","ว๖ด๋ม๖ฟกวมศฆต๙ฝบ","-8.11490878590899","OK","106"
"2019-11-19","ALL","ธ๐ธเลา(12-1)","A005490","POSCOศฆต๙ฝบ","-13.827775012444","OK","107"
"2019-11-19","ALL","ธ๐ธเลา(12-1)","A005500","ป๏ม๘มฆพเ","-35.9887444207258","OK","108"
"2019-11-19","ALL","ธ๐ธเลา(12-1)","A005610","ป๏ธณ","-28.3466964376332","OK","109"
"2019-11-19","ALL","ธ๐ธเลา(12-1)","A005690","ฦฤนฬผฟ","-44.041397684189","OK","110"
"2019-11-19","ALL","ธ๐ธเลา(12-1)","A005720","ณุผพ","1.88963714946226","OK","111"
"2019-11-19","ALL","ธ๐ธเลา(12-1)","A005810","วณป๊ศฆต๙ฝบ","-3.91397411069208","OK","112"
"2019-11-19","ALL","ธ๐ธเลา(12-1)","A005830","DBผีวุบธว่","-27.464989997142","OK","113"
"2019-11-19","ALL","ธ๐ธเลา(12-1)","A005850","ฟกฝบฟค","36.7284329365567","OK","114"
"2019-11-19","ALL","ธ๐ธเลา(12-1)","A005880","ด๋วัวุฟ๎","3.42479273588631","OK","115"
"2019-11-19","ALL","ธ๐ธเลา(12-1)","A005930","ป๏ผบภüภฺ","14.3270217330473","OK","116"
"2019-11-19","ALL","ธ๐ธเลา(12-1)","A005940","NHล๕ภฺม๕ฑว","-10.6250607562944","OK","117"
"2019-11-19","ALL","ธ๐ธเลา(12-1)","A006040","ตฟฟ๘ป๊พ๗","12.1551460857172","OK","118"
"2019-11-19","ALL","ธ๐ธเลา(12-1)","A006060","ศญฝยภฮด๕","76.0469165215798","OK","119"
"2019-11-19","ALL","ธ๐ธเลา(12-1)","A006120","SKต๐ฝบฤฟน๖ธฎ","-19.7181720324885","OK","120"
"2019-11-19","ALL","ธ๐ธเลา(12-1)","A006260","LS","-12.0927318295739","OK","121"
"2019-11-19","ALL","ธ๐ธเลา(12-1)","A006280","ณ์ฝสภฺ","-22.0691518098325","OK","122"
"2019-11-19","ALL","ธ๐ธเลา(12-1)","A006360","GSฐวผณ","-23.0925944789651","OK","123"
"2019-11-19","ALL","ธ๐ธเลา(12-1)","A006400","ป๏ผบSDI",".674302604840179","OK","124"
"2019-11-19","ALL","ธ๐ธเลา(12-1)","A006490","วมธฎฦผ","-52.4397471355196","OK","125"
"2019-11-19","ALL","ธ๐ธเลา(12-1)","A006650","ด๋วัภฏศญ","-25.6021318028082","OK","126"
"2019-11-19","ALL","ธ๐ธเลา(12-1)","A006730","ผญบฮT&D","-8.93442622950819","OK","127"
"2019-11-19","ALL","ธ๐ธเลา(12-1)","A006800","นฬทกฟกผยม๕ฑว","6.47255557741491","OK","128"
"2019-11-19","ALL","ธ๐ธเลา(12-1)","A006840","AKศฆต๙ฝบ","-33.2384341637011","OK","129"
"2019-11-19","ALL","ธ๐ธเลา(12-1)","A007070","GSธฎลืภฯ","9.99698885877748","OK","130"
"2019-11-19","ALL","ธ๐ธเลา(12-1)","A007310","ฟภถัฑโ","-18.1207359933843","OK","131"
"2019-11-19","ALL","ธ๐ธเลา(12-1)","A007340","DNฟภลไธ๐ฦผบ๊","-4.20168067226892","OK","132"
"2019-11-19","ALL","ธ๐ธเลา(12-1)","A007390","ณืภฬรณผฟ","-39.9658046591152","OK","133"
"2019-11-19","ALL","ธ๐ธเลา(12-1)","A007460","ฟกภฬวมทฮมจ","-74.6892466839076","OK","134"
"2019-11-19","ALL","ธ๐ธเลา(12-1)","A007570","ภฯพ็พเวฐ","-30.2062155097299","OK","135"
"2019-11-19","ALL","ธ๐ธเลา(12-1)","A007690","ฑนตตศญวะ","-2.30814179976628","OK","136"
"2019-11-19","ALL","ธ๐ธเลา(12-1)","A007700","F&Fศฆต๙ฝบ","60.9689349112426","OK","137"
"2019-11-19","ALL","ธ๐ธเลา(12-1)","A008060","ด๋ด๖","24.2851265171775","OK","138"
"2019-11-19","ALL","ธ๐ธเลา(12-1)","A008350","ณฒผฑพหนฬดฝ","123.445609036328","OK","139"
"2019-11-19","ALL","ธ๐ธเลา(12-1)","A008490","ผญศ๏","41.0054624571799","OK","140"
"2019-11-19","ALL","ธ๐ธเลา(12-1)","A008730","ภฒรฬศญวะ","9.96030647096835","OK","141"
"2019-11-19","ALL","ธ๐ธเลา(12-1)","A008770","ศฃลฺฝลถ๓","-9.24871940808197","OK","142"
"2019-11-19","ALL","ธ๐ธเลา(12-1)","A008930","วันฬป็ภฬพ๐ฝบ","-43.6783939977694","OK","143"
"2019-11-19","ALL","ธ๐ธเลา(12-1)","A009150","ป๏ผบภüฑโ","-4.37002847883728","OK","144"
"2019-11-19","ALL","ธ๐ธเลา(12-1)","A009240","วัป๙","1.19373776908023","OK","145"
"2019-11-19","ALL","ธ๐ธเลา(12-1)","A009290","ฑคตฟมฆพเ","8.76973430881787","OK","146"
"2019-11-19","ALL","ธ๐ธเลา(12-1)","A009410","ลยฟตฐวผณ","26.6915231933326","OK","147"
"2019-11-19","ALL","ธ๐ธเลา(12-1)","A009420","วัฟรนูภฬฟภฦฤธถ","5.40885442230292","OK","148"
"2019-11-19","ALL","ธ๐ธเลา(12-1)","A009450","ฐๆตฟณชบ๑ฟฃ","7.31517509727627","OK","149"
"2019-11-19","ALL","ธ๐ธเลา(12-1)","A009540","HDวัฑนมถผฑวุพ็","-10.0344216126004","OK","150"
"2019-11-19","ALL","ธ๐ธเลา(12-1)","A009580","นซธฒP&P","-36.0325075883678","OK","151"
"2019-11-19","ALL","ธ๐ธเลา(12-1)","A009680","ธ๐ลไดะ","-.341949109926588","OK","152"
"2019-11-19","ALL","ธ๐ธเลา(12-1)","A009830","วัศญผึท็ผว","-1.96005226806048","OK","153"
"2019-11-19","ALL","ธ๐ธเลา(12-1)","A009970","ฟตฟ๘นซฟชศฆต๙ฝบ","-14.8248857950837","OK","154"
"2019-11-19","ALL","ธ๐ธเลา(12-1)","A010060","OCIศฆต๙ฝบ","-31.0312104597216","OK","155"
"2019-11-19","ALL","ธ๐ธเลา(12-1)","A010120","LS ELECTRIC","-4.4833930473516","OK","156"
"2019-11-19","ALL","ธ๐ธเลา(12-1)","A010130","ฐํทมพฦฟฌ",".237333608502738","OK","157"
"2019-11-19","ALL","ธ๐ธเลา(12-1)","A010140","ป๏ผบม฿ฐ๘พ๗","2.21969265793966","OK","158"
"2019-11-19","ALL","ธ๐ธเลา(12-1)","A010170","ด๋วัฑคล๋ฝล","-13.8627819548872","OK","159"
"2019-11-19","ALL","ธ๐ธเลา(12-1)","A010780","พฦภฬฟกฝบตฟผญ","3.78413645260507","OK","160"
"2019-11-19","ALL","ธ๐ธเลา(12-1)","A010950","S-Oil","-11.1168402598742","OK","161"
"2019-11-19","ALL","ธ๐ธเลา(12-1)","A011070","LGภฬณ๋ลุ","21.7910447761194","OK","162"
"2019-11-19","ALL","ธ๐ธเลา(12-1)","A011170","ทิตฅฤษนฬฤฎ","-19.2100538599641","OK","163"
"2019-11-19","ALL","ธ๐ธเลา(12-1)","A011200","HMM","-16.9613995056094","OK","164"
"2019-11-19","ALL","ธ๐ธเลา(12-1)","A011210","ว๖ด๋ภงพฦ","34.7666360524339","OK","165"
"2019-11-19","ALL","ธ๐ธเลา(12-1)","A011280","ลยธฒฦ๗ภๅ","53.9875212705616","OK","166"
"2019-11-19","ALL","ธ๐ธเลา(12-1)","A011690","ฟอภฬล๕ผึท็ผว","-22.6783867631851","OK","167"
"2019-11-19","ALL","ธ๐ธเลา(12-1)","A011780","ฑÝศฃผฎภฏศญวะ","-21.1542136441812","OK","168"
"2019-11-19","ALL","ธ๐ธเลา(12-1)","A011790","SKC","18.7281428308485","OK","169"
"2019-11-19","ALL","ธ๐ธเลา(12-1)","A012330","ว๖ด๋ธ๐บ๑ฝบ","26.1721680420105","OK","170"
"2019-11-19","ALL","ธ๐ธเลา(12-1)","A012450","วัศญฟกพ๎ทฮฝบฦไภฬฝบ","23.953488372093","OK","171"
"2019-11-19","ALL","ธ๐ธเลา(12-1)","A012510","ด๕มธบ๑ม๎ฟย","35.5165595650025","OK","172"
"2019-11-19","ALL","ธ๐ธเลา(12-1)","A012610","ฐๆภฮพ็วเ","37.5402848528953","OK","173"
"2019-11-19","ALL","ธ๐ธเลา(12-1)","A012630","HDC","-32.1424785328104","OK","174"
"2019-11-19","ALL","ธ๐ธเลา(12-1)","A012750","ฟกฝบฟ๘","-.209121688906606","OK","175"
"2019-11-19","ALL","ธ๐ธเลา(12-1)","A013120","ตฟฟ๘ฐณน฿","13.0769230769231","OK","176"
"2019-11-19","ALL","ธ๐ธเลา(12-1)","A013890","ม๖ดฉฝบ","0","OK","177"
"2019-11-19","ALL","ธ๐ธเลา(12-1)","A014620","ผบฑคบฅตๅ","-9.52481076534903","OK","178"
"2019-11-19","ALL","ธ๐ธเลา(12-1)","A014680","วัผึฤษนฬฤฎ","11.4996820782996","OK","179"
"2019-11-19","ALL","ธ๐ธเลา(12-1)","A014820","ตฟฟ๘ฝรฝบลÛม๎","26.8759308053615","OK","180"
"2019-11-19","ALL","ธ๐ธเลา(12-1)","A014830","ภฏดฯตๅ","20.3025718608169","OK","181"
"2019-11-19","ALL","ธ๐ธเลา(12-1)","A015750","ผบฟ์วฯภฬลุ",".140196274784699","OK","182"
"2019-11-19","ALL","ธ๐ธเลา(12-1)","A015760","วัฑนภüทย","-5.30002765231818","OK","183"
"2019-11-19","ALL","ธ๐ธเลา(12-1)","A016360","ป๏ผบม๕ฑว","17.467332820907","OK","184"
"2019-11-19","ALL","ธ๐ธเลา(12-1)","A016380","KGฝบฦฟ","-61.9364634431208","OK","185"
"2019-11-19","ALL","ธ๐ธเลา(12-1)","A016450","วัผผฟนฝบ24ศฆต๙ฝบ","-15.5513001411006","OK","186"
"2019-11-19","ALL","ธ๐ธเลา(12-1)","A016580","ศฏภฮมฆพเ","-12.703714950906","OK","187"
"2019-11-19","ALL","ธ๐ธเลา(12-1)","A016800","ฦÛฝรฝบ","-.172291476639302","OK","188"
"2019-11-19","ALL","ธ๐ธเลา(12-1)","A017390","ผญฟ๏ฐกฝบ","-21.9274809160305","OK","189"
"2019-11-19","ALL","ธ๐ธเลา(12-1)","A017670","SKลฺทนฤÞ","-13.5904410336118","OK","190"
"2019-11-19","ALL","ธ๐ธเลา(12-1)","A017800","ว๖ด๋ฟคธฎบฃภฬลอ","-15.6632813317977","OK","191"
"2019-11-19","ALL","ธ๐ธเลา(12-1)","A017810","วฎนซฟ๘","6.89655172413792","OK","192"
"2019-11-19","ALL","ธ๐ธเลา(12-1)","A017940","E1","-19.8643601336741","OK","193"
"2019-11-19","ALL","ธ๐ธเลา(12-1)","A017960","วัฑนฤซบป","19.9466852109411","OK","194"
"2019-11-19","ALL","ธ๐ธเลา(12-1)","A018250","พึฐๆป๊พ๗","-40.0741132874537","OK","195"
"2019-11-19","ALL","ธ๐ธเลา(12-1)","A018260","ป๏ผบฟกฝบต๐ฟกฝบ","1.30875047764616","OK","196"
"2019-11-19","ALL","ธ๐ธเลา(12-1)","A018290","บ๊ภฬฦผ","-7.80835881753312","OK","197"
"2019-11-19","ALL","ธ๐ธเลา(12-1)","A018670","SKฐกฝบ","2.31066596380249","OK","198"
"2019-11-19","ALL","ธ๐ธเลา(12-1)","A018880","วัฟยฝรฝบลÛ","11.3173138811414","OK","199"
"2019-11-19","ALL","ธ๐ธเลา(12-1)","A019170","ฝลวณมฆพเ","-13.7701277068295","OK","200"
"2019-11-19","ALL","ธ๐ธเลา(12-1)","A019680","ด๋ฑณ","-7.8387458006719","OK","201"
"2019-11-19","ALL","ธ๐ธเลา(12-1)","A020000","วัผถ","-21.3430161275111","OK","202"
"2019-11-19","ALL","ธ๐ธเลา(12-1)","A020150","ทิตฅฟกณสม๖ธำฦผธฎพ๓ม๎","-26.7873385482991","OK","203"
"2019-11-19","ALL","ธ๐ธเลา(12-1)","A020560","พฦฝรพฦณชวืฐ๘","26.9467213114754","OK","204"
"2019-11-19","ALL","ธ๐ธเลา(12-1)","A021240","ฤฺฟþภฬ","16.123531640773","OK","205"
"2019-11-19","ALL","ธ๐ธเลา(12-1)","A022100","ฦ๗ฝบฤฺDX","-10.3240929474113","OK","206"
"2019-11-19","ALL","ธ๐ธเลา(12-1)","A023160","ลยฑค","-12.2937900598928","OK","207"
"2019-11-19","ALL","ธ๐ธเลา(12-1)","A023410","ภฏม๘ฑโพ๗","-14.5276474188941","OK","208"
"2019-11-19","ALL","ธ๐ธเลา(12-1)","A023530","ทิตฅผ๎วฮ","-44.4926852288815","OK","209"
"2019-11-19","ALL","ธ๐ธเลา(12-1)","A023590","ดูฟ์ฑโผ๚","-7.36989872656173","OK","210"
"2019-11-19","ALL","ธ๐ธเลา(12-1)","A024110","ฑโพ๗ภบวเ","-15.4326772883474","OK","211"
"2019-11-19","ALL","ธ๐ธเลา(12-1)","A024720","ฤÝธถศฆต๙ฝบ","-27.8370514064015","OK","212"
"2019-11-19","ALL","ธ๐ธเลา(12-1)","A025000","KPXฤษนฬฤฎ","1.1215834118756","OK","213"
"2019-11-19","ALL","ธ๐ธเลา(12-1)","A025540","วัฑนดÜภฺ","32.6582571461636","OK","214"
"2019-11-19","ALL","ธ๐ธเลา(12-1)","A025770","วัฑนมคบธล๋ฝล","-5.33305878719241","OK","215"
"2019-11-19","ALL","ธ๐ธเลา(12-1)","A025860","ณฒวุศญวะ","-23.6221283609766","OK","216"
"2019-11-19","ALL","ธ๐ธเลา(12-1)","A025900","ตฟศญฑโพ๗",".432334606877149","OK","217"
"2019-11-19","ALL","ธ๐ธเลา(12-1)","A025980","พฦณญฦผ","27.2131478120589","OK","218"
"2019-11-19","ALL","ธ๐ธเลา(12-1)","A026960","ตฟผญ","4.06195507231513","OK","219"
"2019-11-19","ALL","ธ๐ธเลา(12-1)","A027410","BGF","-22.2758472758473","OK","220"
"2019-11-19","ALL","ธ๐ธเลา(12-1)","A028050","ป๏ผบE&A","-6.66606934862467","OK","221"
"2019-11-19","ALL","ธ๐ธเลา(12-1)","A028260","ป๏ผบนฐป๊","-11.2465274666189","OK","222"
"2019-11-19","ALL","ธ๐ธเลา(12-1)","A028300","HLB","49.9336995643114","OK","223"
"2019-11-19","ALL","ธ๐ธเลา(12-1)","A028670","ฦาฟภผว","2.90408055113937","OK","224"
"2019-11-19","ALL","ธ๐ธเลา(12-1)","A029530","ฝลตตธฎฤฺ","-19.1035327751685","OK","225"
"2019-11-19","ALL","ธ๐ธเลา(12-1)","A029780","ป๏ผบฤซตๅ","4.06238326484871","OK","226"
"2019-11-19","ALL","ธ๐ธเลา(12-1)","A030000","มฆภฯฑโศน","8.22614107883817","OK","227"
"2019-11-19","ALL","ธ๐ธเลา(12-1)","A030190","NICEฦ๒ฐกมคบธ","3.81204863333029","OK","228"
"2019-11-19","ALL","ธ๐ธเลา(12-1)","A030200","KT","-9.45813771517997","OK","229"
"2019-11-19","ALL","ธ๐ธเลา(12-1)","A030520","วัฤฤ","-23.6888111888112","OK","230"
"2019-11-19","ALL","ธ๐ธเลา(12-1)","A030530","ฟ๘ภอศฆต๙ฝบ","6.98845750262329","OK","231"
"2019-11-19","ALL","ธ๐ธเลา(12-1)","A030610","ฑณบธม๕ฑว","-2.95852172203655","OK","232"
"2019-11-19","ALL","ธ๐ธเลา(12-1)","A031430","ฝลผผฐ่ภฮลอณปผลณฏ","6.21766444937177","OK","233"
"2019-11-19","ALL","ธ๐ธเลา(12-1)","A031440","ฝลผผฐ่วชตๅ","-15.6923693973729","OK","234"
"2019-11-19","ALL","ธ๐ธเลา(12-1)","A032190","ดูฟ์ตฅภฬลธ","-10.171178343949","OK","235"
"2019-11-19","ALL","ธ๐ธเลา(12-1)","A032350","ทิตฅฐüฑคฐณน฿","-5.04172461752434","OK","236"
"2019-11-19","ALL","ธ๐ธเลา(12-1)","A032500","ฤษภฬฟฅด๕บํภฏ","482.299611454886","OK","237"
"2019-11-19","ALL","ธ๐ธเลา(12-1)","A032620","GCธÞต๐พฦภฬ","32.3401373706104","OK","238"
"2019-11-19","ALL","ธ๐ธเลา(12-1)","A032640","LGภฏวรทฏฝบ","-11.3318328603582","OK","239"
"2019-11-19","ALL","ธ๐ธเลา(12-1)","A032830","ป๏ผบปýธํ","-22.7944682880305","OK","240"
"2019-11-19","ALL","ธ๐ธเลา(12-1)","A033270","ภฏณชภฬฦผตๅมฆพเ","-10.0196463654224","OK","241"
"2019-11-19","ALL","ธ๐ธเลา(12-1)","A033290","ทฮมจ","24.0879771597758","OK","242"
"2019-11-19","ALL","ธ๐ธเลา(12-1)","A033500","ตฟผบศญภฮลุ","22.6264983557866","OK","243"
"2019-11-19","ALL","ธ๐ธเลา(12-1)","A033640","ณืฦะฝบ","199.514563106796","OK","244"
"2019-11-19","ALL","ธ๐ธเลา(12-1)","A033780","KT&G","2.99937513018122","OK","245"
"2019-11-19","ALL","ธ๐ธเลา(12-1)","A033920","นซวะ","-24.7073866430609","OK","246"
"2019-11-19","ALL","ธ๐ธเลา(12-1)","A034020","ตฮป๊ฟกณสบ๔ธฎฦผ","-28.9455468389478","OK","247"
"2019-11-19","ALL","ธ๐ธเลา(12-1)","A034120","SBS","-17.505358783301","OK","248"
"2019-11-19","ALL","ธ๐ธเลา(12-1)","A034220","LGต๐ฝบวรทนภฬ","-20.4499372405137","OK","249"
"2019-11-19","ALL","ธ๐ธเลา(12-1)","A034230","ฦฤถ๓ดูภฬฝบ","-6.18883131836499","OK","250"
"2019-11-19","ALL","ธ๐ธเลา(12-1)","A034310","NICE","6.45799943433583","OK","251"
"2019-11-19","ALL","ธ๐ธเลา(12-1)","A034730","SK","-13.9294242504643","OK","252"
"2019-11-19","ALL","ธ๐ธเลา(12-1)","A034830","วัฑนลไม๖ฝลลน","-16.4122518208121","OK","253"
"2019-11-19","ALL","ธ๐ธเลา(12-1)","A034950","วัฑนฑโพ๗ฦ๒ฐก","20.0040473540423","OK","254"
"2019-11-19","ALL","ธ๐ธเลา(12-1)","A035250","ฐญฟ๘ทฃตๅ","2.3125369021846","OK","255"
"2019-11-19","ALL","ธ๐ธเลา(12-1)","A035420","NAVER","34.9721952511254","OK","256"
"2019-11-19","ALL","ธ๐ธเลา(12-1)","A035600","KGภฬดฯฝรฝบ","1.56977274801497","OK","257"
"2019-11-19","ALL","ธ๐ธเลา(12-1)","A035720","ฤซฤซฟภ","23.8337143340953","OK","258"
"2019-11-19","ALL","ธ๐ธเลา(12-1)","A035760","CJ ENM","-25.5072149289357","OK","259"
"2019-11-19","ALL","ธ๐ธเลา(12-1)","A035810","ภฬม๖ศฆต๙ฝบ","-12.2281571919115","OK","260"
"2019-11-19","ALL","ธ๐ธเลา(12-1)","A035900","JYP Ent.","-37.7577904969565","OK","261"
"2019-11-19","ALL","ธ๐ธเลา(12-1)","A036420","ฤÜลูฦฎธฎม฿พำ","-30.22787028922","OK","262"
"2019-11-19","ALL","ธ๐ธเลา(12-1)","A036460","วัฑนฐกฝบฐ๘ป็","-19.6190476190476","OK","263"
"2019-11-19","ALL","ธ๐ธเลา(12-1)","A036530","SNTศฆต๙ฝบ","25.749188776484","OK","264"
"2019-11-19","ALL","ธ๐ธเลา(12-1)","A036540","SFAนÝตตรผ","105.556944097309","OK","265"
"2019-11-19","ALL","ธ๐ธเลา(12-1)","A036570","NC","10.1624896722666","OK","266"
"2019-11-19","ALL","ธ๐ธเลา(12-1)","A036800","ณชภฬฝบมคบธล๋ฝล","57.4285162287481","OK","267"
"2019-11-19","ALL","ธ๐ธเลา(12-1)","A036830","ผึบ๊ทนภฮศฆต๙ฝบ","56.8700614574188","OK","268"
"2019-11-19","ALL","ธ๐ธเลา(12-1)","A036930","มึผบฟฃม๖ดฯพ๎ธต","-.687903481849929","OK","269"
"2019-11-19","ALL","ธ๐ธเลา(12-1)","A037560","LGว๏ทฮบ๑ภü","-37.9229323308271","OK","270"
"2019-11-19","ALL","ธ๐ธเลา(12-1)","A037710","ฑคมึฝลผผฐ่","-5.33604493511525","OK","271"
"2019-11-19","ALL","ธ๐ธเลา(12-1)","A038290","ธถลฉทฮมจ","-22.705461970393","OK","272"
"2019-11-19","ALL","ธ๐ธเลา(12-1)","A038500","ป๏วฅฝรธเฦฎ","-4.61508439847789","OK","273"
"2019-11-19","ALL","ธ๐ธเลา(12-1)","A038540","ป๓ป๓ภฮ","-16.048215551879","OK","274"
"2019-11-19","ALL","ธ๐ธเลา(12-1)","A039030","ภฬฟภลืลฉดะฝบ","95.5652451345315","OK","275"
"2019-11-19","ALL","ธ๐ธเลา(12-1)","A039130","วฯณชล๕พ๎","-34.5426022159035","OK","276"
"2019-11-19","ALL","ธ๐ธเลา(12-1)","A039200","ฟภฝบฤฺลุ","-28.5196772600033","OK","277"
"2019-11-19","ALL","ธ๐ธเลา(12-1)","A039440","ฟกฝบฦผพฦภฬ","82.270783847981","OK","278"
"2019-11-19","ALL","ธ๐ธเลา(12-1)","A039490","ลฐฟ๒ม๕ฑว","-18.4651600753296","OK","279"
"2019-11-19","ALL","ธ๐ธเลา(12-1)","A039840","ต๐ฟภ","55.6516724336794","OK","280"
"2019-11-19","ALL","ธ๐ธเลา(12-1)","A040910","พฦภฬพพต๐","68.3013918239452","OK","281"
"2019-11-19","ALL","ธ๐ธเลา(12-1)","A041510","ฟกฝบฟฅ","-34.6267852330908","OK","282"
"2019-11-19","ALL","ธ๐ธเลา(12-1)","A041830","ภฮนูต๐","2.85400658616905","OK","283"
"2019-11-19","ALL","ธ๐ธเลา(12-1)","A041960","ฤฺนฬฦส","-35.0693107431652","OK","284"
"2019-11-19","ALL","ธ๐ธเลา(12-1)","A042000","ฤซฦไ24","-34.0293521059539","OK","285"
"2019-11-19","ALL","ธ๐ธเลา(12-1)","A042660","วัศญฟภผว","-17.6275891522528","OK","286"
"2019-11-19","ALL","ธ๐ธเลา(12-1)","A042700","วันฬนÝตตรผ","-20.0188363331938","OK","287"
"2019-11-19","ALL","ธ๐ธเลา(12-1)","A043150","นูลุ","11.7625231910946","OK","288"
"2019-11-19","ALL","ธ๐ธเลา(12-1)","A044340","ภงดะฝบ","79.5925073940191","OK","289"
"2019-11-19","ALL","ธ๐ธเลา(12-1)","A045390","ด๋พฦฦผพฦภฬ","-13.6745458097285","OK","290"
"2019-11-19","ALL","ธ๐ธเลา(12-1)","A046890","ผญฟ๏นÝตตรผ","-41.1657032755299","OK","291"
"2019-11-19","ALL","ธ๐ธเลา(12-1)","A047040","ด๋ฟ์ฐวผณ","-5.04334121355397","OK","292"
"2019-11-19","ALL","ธ๐ธเลา(12-1)","A047050","ฦ๗ฝบฤฺภฮลอณปผลณฮ","-6.32668711656441","OK","293"
"2019-11-19","ALL","ธ๐ธเลา(12-1)","A047310","ฦฤฟ๖ทฮม๗ฝบ","39.6629213483146","OK","294"
"2019-11-19","ALL","ธ๐ธเลา(12-1)","A047810","วัฑนวืฐ๘ฟ์มึ","14.5258707469297","OK","295"
"2019-11-19","ALL","ธ๐ธเลา(12-1)","A048410","ว๖ด๋นูภฬฟภ","113.979523490575","OK","296"
"2019-11-19","ALL","ธ๐ธเลา(12-1)","A048530","ภฮฦฎทะนูภฬฟภ","-52.1434498017885","OK","297"
"2019-11-19","ALL","ธ๐ธเลา(12-1)","A049950","นฬทกฤฤฦÛดฯ","-36.5284208452369","OK","298"
"2019-11-19","ALL","ธ๐ธเลา(12-1)","A050890","ฝ๒ธฎตๅ","89.2147587511826","OK","299"
"2019-11-19","ALL","ธ๐ธเลา(12-1)","A051370","ภฮลอวรทบฝบ","11.349475510687","OK","300"
"2019-11-19","ALL","ธ๐ธเลา(12-1)","A051500","CJวมทนฝรฟþภฬ","13.2467028704422","OK","301"
"2019-11-19","ALL","ธ๐ธเลา(12-1)","A051600","วัภüKPS","14.1839985010305","OK","302"
"2019-11-19","ALL","ธ๐ธเลา(12-1)","A051900","LGปýศฐฐวฐญ","8.26446280991735","OK","303"
"2019-11-19","ALL","ธ๐ธเลา(12-1)","A051910","LGศญวะ","-14.4718473708702","OK","304"
"2019-11-19","ALL","ธ๐ธเลา(12-1)","A052020","ฟกฝบฦผลฅบ๊","-42.8141592920354","OK","305"
"2019-11-19","ALL","ธ๐ธเลา(12-1)","A052690","วัภüฑโผ๚","4.89060489060489","OK","306"
"2019-11-19","ALL","ธ๐ธเลา(12-1)","A053030","นูภฬณุฝบ","-15.2910330361825","OK","307"
"2019-11-19","ALL","ธ๐ธเลา(12-1)","A053210","ฝบฤซภฬถ๓ภฬวม","-21.5852099518143","OK","308"
"2019-11-19","ALL","ธ๐ธเลา(12-1)","A053580","ภฅฤษฝร","14.1031492469192","OK","309"
"2019-11-19","ALL","ธ๐ธเลา(12-1)","A053800","พศทฆ","43.1157432803072","OK","310"
"2019-11-19","ALL","ธ๐ธเลา(12-1)","A053950","ฐๆณฒมฆพเ","0","OK","311"
"2019-11-19","ALL","ธ๐ธเลา(12-1)","A055550","ฝลวัม๖มึ","-.712086220169368","OK","312"
"2019-11-19","ALL","ธ๐ธเลา(12-1)","A056190","SFA","4.12162162162164","OK","313"
"2019-11-19","ALL","ธ๐ธเลา(12-1)","A057050","ว๖ด๋ศจผ๎วฮ","-8.18648675863457","OK","314"
"2019-11-19","ALL","ธ๐ธเลา(12-1)","A058470","ธฎณ๋ฐ๘พ๗","10.7617678763924","OK","315"
"2019-11-19","ALL","ธ๐ธเลา(12-1)","A058650","ผผพฦศฆต๙ฝบ","-22.7657666633456","OK","316"
"2019-11-19","ALL","ธ๐ธเลา(12-1)","A058820","CMGมฆพเ","-32.7027423375862","OK","317"
"2019-11-19","ALL","ธ๐ธเลา(12-1)","A060150","ภฮผฑภฬฟฃฦผ","19.0409026798307","OK","318"
"2019-11-19","ALL","ธ๐ธเลา(12-1)","A060250","NHN KCP","61.0806247361756","OK","319"
"2019-11-19","ALL","ธ๐ธเลา(12-1)","A060570","ตๅธฒพ๎ฝบฤฤฦÛดฯ","-26.4170420420421","OK","320"
"2019-11-19","ALL","ธ๐ธเลา(12-1)","A060720","KHนูลุ","68.642325416519","OK","321"
"2019-11-19","ALL","ธ๐ธเลา(12-1)","A060980","HLศฆต๙ฝบ","-6.28475593609321","OK","322"
"2019-11-19","ALL","ธ๐ธเลา(12-1)","A061970","LBผผนฬฤÜ","108.63768115942","OK","323"
"2019-11-19","ALL","ธ๐ธเลา(12-1)","A064350","ว๖ด๋ทฮลÛ","-25.1991473129137","OK","324"
"2019-11-19","ALL","ธ๐ธเลา(12-1)","A064760","ฦผพพฤษภฬ","6.1318935595835","OK","325"
"2019-11-19","ALL","ธ๐ธเลา(12-1)","A064960","SNTธ๐ฦผบ๊","97.2303720220631","OK","326"
"2019-11-19","ALL","ธ๐ธเลา(12-1)","A065660","พศฦฎทฮมจ","-45.3846153846154","OK","327"
"2019-11-19","ALL","ธ๐ธเลา(12-1)","A066570","LGภüภฺ","-3.91350110037317","OK","328"
"2019-11-19","ALL","ธ๐ธเลา(12-1)","A066700","ลืถ๓มจภฬลุฝบ","-22.0554165508294","OK","329"
"2019-11-19","ALL","ธ๐ธเลา(12-1)","A066970","ฟคพุฟกวม","-41.9127988748242","OK","330"
"2019-11-19","ALL","ธ๐ธเลา(12-1)","A067160","SOOP","61.4881439084219","OK","331"
"2019-11-19","ALL","ธ๐ธเลา(12-1)","A067630","HLBปýธํฐ๚วะ","24.3749477381052","OK","332"
"2019-11-19","ALL","ธ๐ธเลา(12-1)","A068240","ดูฟ๘ฝรฝบ","-10.1792514163648","OK","333"
"2019-11-19","ALL","ธ๐ธเลา(12-1)","A068270","ผฟฦฎธฎฟย","-19.3273986152324","OK","334"
"2019-11-19","ALL","ธ๐ธเลา(12-1)","A068760","ผฟฦฎธฎฟยมฆพเ","-43.827035764801","OK","335"
"2019-11-19","ALL","ธ๐ธเลา(12-1)","A069080","ภฅมจ","-.296129888696015","OK","336"
"2019-11-19","ALL","ธ๐ธเลา(12-1)","A069260","TKGศÞฤอฝบ","-6.98685540950456","OK","337"
"2019-11-19","ALL","ธ๐ธเลา(12-1)","A069620","ด๋ฟ๕มฆพเ","-19.234937147811","OK","338"
"2019-11-19","ALL","ธ๐ธเลา(12-1)","A069960","ว๖ด๋น้ศญมก","-14.026698545527","OK","339"
"2019-11-19","ALL","ธ๐ธเลา(12-1)","A070960","ธ๐ณชฟ๋ฦ๒","17.8931602596106","OK","340"
"2019-11-19","ALL","ธ๐ธเลา(12-1)","A071050","วัฑนฑÝภถม๖มึ","2.33359590389919","OK","341"
"2019-11-19","ALL","ธ๐ธเลา(12-1)","A071320","ม๖ฟชณญนๆฐ๘ป็","-15.6029095379572","OK","342"
"2019-11-19","ALL","ธ๐ธเลา(12-1)","A071840","ทิตฅวฯภฬธถฦฎ","-40.8799918707448","OK","343"
"2019-11-19","ALL","ธ๐ธเลา(12-1)","A072710","ณ๓ฝษศฆต๙ฝบ","25.042034468264","OK","344"
"2019-11-19","ALL","ธ๐ธเลา(12-1)","A073240","ฑÝศฃลธภฬพ๎","-17.3491809828206","OK","345"
"2019-11-19","ALL","ธ๐ธเลา(12-1)","A074600","ฟ๘ภอQnC","4.33631550118679","OK","346"
"2019-11-19","ALL","ธ๐ธเลา(12-1)","A074610","ภฬฟฃวรทฏฝบ",".785623984106934","OK","347"
"2019-11-19","ALL","ธ๐ธเลา(12-1)","A078020","LSม๕ฑว","-40.8574429485343","OK","348"
"2019-11-19","ALL","ธ๐ธเลา(12-1)","A078070","ภฏบ๑ฤ๕ฝบศฆต๙ฝบ","314.89187609585","OK","349"
"2019-11-19","ALL","ธ๐ธเลา(12-1)","A078130","ฑนภฯมฆม๖","574.785931639658","OK","350"
"2019-11-19","ALL","ธ๐ธเลา(12-1)","A078160","ธÞต๐ฦ๗ฝบฦฎ","-28.0025928326697","OK","351"
"2019-11-19","ALL","ธ๐ธเลา(12-1)","A078340","ฤฤล๕ฝบ","-33.3067163516991","OK","352"
"2019-11-19","ALL","ธ๐ธเลา(12-1)","A078520","ฟกภฬบํพพฟฃพพ","13.2688243799355","OK","353"
"2019-11-19","ALL","ธ๐ธเลา(12-1)","A078930","GS","-3.01096709870389","OK","354"
"2019-11-19","ALL","ธ๐ธเลา(12-1)","A079160","CJ CGV","-13.0407746291197","OK","355"
"2019-11-19","ALL","ธ๐ธเลา(12-1)","A079430","ว๖ด๋ธฎนูฦฎ","-26.1287323070565","OK","356"
"2019-11-19","ALL","ธ๐ธเลา(12-1)","A079550","LIGต๐ฦๆฝบพุฟกพ๎ทฮฝบฦไภฬฝบ","-4.75124631193408","OK","357"
"2019-11-19","ALL","ธ๐ธเลา(12-1)","A080160","ธ๐ตฮล๕พ๎","-39.8104719058103","OK","358"
"2019-11-19","ALL","ธ๐ธเลา(12-1)","A080420","ธ๐ดูภฬณ๋ฤจ","-21.2819991873222","OK","359"
"2019-11-19","ALL","ธ๐ธเลา(12-1)","A081000","ภฯม๘ดูภฬพฦ","49.8191214470284","OK","360"
"2019-11-19","ALL","ธ๐ธเลา(12-1)","A081660","นฬฝบลไศฆต๙ฝบ","4.81364882705392","OK","361"
"2019-11-19","ALL","ธ๐ธเลา(12-1)","A082270","มชน้ฝบ","38.6858664085189","OK","362"
"2019-11-19","ALL","ธ๐ธเลา(12-1)","A082640","ตฟพ็ปýธํ","-36.972089607051","OK","363"
"2019-11-19","ALL","ธ๐ธเลา(12-1)","A082920","บ๑ร๗ทฮผฟ","4.50083348768291","OK","364"
"2019-11-19","ALL","ธ๐ธเลา(12-1)","A083790","CGภฮนูภฬร๗","-32.4329501915709","OK","365"
"2019-11-19","ALL","ธ๐ธเลา(12-1)","A084110","ศÞฟยฝบฑÛทฮน๚","-29.7017819222602","OK","366"
"2019-11-19","ALL","ธ๐ธเลา(12-1)","A084370","ภฏม๘ลืลฉ","21.6","OK","367"
"2019-11-19","ALL","ธ๐ธเลา(12-1)","A084680","ภฬฟ๙ตๅ","81.7510817001782","OK","368"
"2019-11-19","ALL","ธ๐ธเลา(12-1)","A084690","ด๋ป๓ศฆต๙ฝบ","","BLANK","369"
"2019-11-19","ALL","ธ๐ธเลา(12-1)","A084850","พฦภฬฦผฟฅนÝตตรผ","0","OK","370"
"2019-11-19","ALL","ธ๐ธเลา(12-1)","A084990","ว๏ธฏฝบนฬฝบ","-46.7945482079758","OK","371"
"2019-11-19","ALL","ธ๐ธเลา(12-1)","A085620","นฬทกฟกผยปýธํ","-11.3468992248062","OK","372"
"2019-11-19","ALL","ธ๐ธเลา(12-1)","A085660","ย๗นูภฬฟภลุ","-27.693660252027","OK","373"
"2019-11-19","ALL","ธ๐ธเลา(12-1)","A086280","ว๖ด๋ฑÛทฮบ๑ฝบ","24.3747557639703","OK","374"
"2019-11-19","ALL","ธ๐ธเลา(12-1)","A086390","ภฏดฯลืฝบฦฎ","18.8442211055276","OK","375"
"2019-11-19","ALL","ธ๐ธเลา(12-1)","A086450","ตฟฑนมฆพเ","13.1523458091724","OK","376"
"2019-11-19","ALL","ธ๐ธเลา(12-1)","A086520","ฟกฤฺวมทฮ","-48.1560613098003","OK","377"
"2019-11-19","ALL","ธ๐ธเลา(12-1)","A086790","วฯณชฑÝภถม๖มึ","-9.05755117806102","OK","378"
"2019-11-19","ALL","ธ๐ธเลา(12-1)","A086820","นูภฬฟภผึท็ผว","-19.043321299639","OK","379"
"2019-11-19","ALL","ธ๐ธเลา(12-1)","A086900","ธÞต๐ลๅฝบ","-42.0152898704608","OK","380"
"2019-11-19","ALL","ธ๐ธเลา(12-1)","A088350","วัศญปýธํ","-48.410984264116","OK","381"
"2019-11-19","ALL","ธ๐ธเลา(12-1)","A088800","ฟกภฬฝบลืลฉ","88.7659369737792","OK","382"
"2019-11-19","ALL","ธ๐ธเลา(12-1)","A089590","มฆมึวืฐ๘","-28.3942833123161","OK","383"
"2019-11-19","ALL","ธ๐ธเลา(12-1)","A089600","KTณชฝบนฬต๐พ๎","-4.75299401197604","OK","384"
"2019-11-19","ALL","ธ๐ธเลา(12-1)","A090430","พฦธ๐ทนฦÛฝรวศ","-1.58065618591934","OK","385"
"2019-11-19","ALL","ธ๐ธเลา(12-1)","A090460","บ๑ฟกภฬฤก","33.2314367419387","OK","386"
"2019-11-19","ALL","ธ๐ธเลา(12-1)","A091700","ฦฤฦฎทะ","45.8613445378151","OK","387"
"2019-11-19","ALL","ธ๐ธเลา(12-1)","A092040","พฦนฬฤฺมจ","-27.3187872844651","OK","388"
"2019-11-19","ALL","ธ๐ธเลา(12-1)","A092730","ณืฟภฦส","4.73496128648006","OK","389"
"2019-11-19","ALL","ธ๐ธเลา(12-1)","A093050","LF","-23.3089869799936","OK","390"
"2019-11-19","ALL","ธ๐ธเลา(12-1)","A093370","ศฤผบ","1.60075329566854","OK","391"
"2019-11-19","ALL","ธ๐ธเลา(12-1)","A095610","ลืฝบ","54.96","OK","392"
"2019-11-19","ALL","ธ๐ธเลา(12-1)","A095660","ณืฟภภงม๎","10.3444609823517","OK","393"
"2019-11-19","ALL","ธ๐ธเลา(12-1)","A095700","มฆณุฝล","-29.5695634434925","OK","394"
"2019-11-19","ALL","ธ๐ธเลา(12-1)","A095720","ฟ๕ม๘พลลฉบ๒","-13.1511696481227","OK","395"
"2019-11-19","ALL","ธ๐ธเลา(12-1)","A096530","พพมจ","25.3496932515338","OK","396"
"2019-11-19","ALL","ธ๐ธเลา(12-1)","A096760","JWศฆต๙ฝบ","-11.8472974213086","OK","397"
"2019-11-19","ALL","ธ๐ธเลา(12-1)","A096770","SKภฬณ๋บฃภฬผว","-19.7038255861785","OK","398"
"2019-11-19","ALL","ธ๐ธเลา(12-1)","A097230","HJม฿ฐ๘พ๗","-77.7716492002206","OK","399"
"2019-11-19","ALL","ธ๐ธเลา(12-1)","A097520","ฟฅพพณุฝบ","69.2920768870136","OK","400"
"2019-11-19","ALL","ธ๐ธเลา(12-1)","A097950","CJมฆภฯมฆด็","-36.735788344655","OK","401"
"2019-11-19","ALL","ธ๐ธเลา(12-1)","A098460","ฐํฟต","-1.99435227673843","OK","402"
"2019-11-19","ALL","ธ๐ธเลา(12-1)","A099190","พฦภฬผพฝบ","23.1770833333333","OK","403"
"2019-11-19","ALL","ธ๐ธเลา(12-1)","A100120","บไฟ๗ฝบ","-32.4188911704312","OK","404"
"2019-11-19","ALL","ธ๐ธเลา(12-1)","A102460","ภฬฟฌมฆพเ","-16.1433705314923","OK","405"
"2019-11-19","ALL","ธ๐ธเลา(12-1)","A102710","ภฬฟฃฟกวมลืลฉณ๎ทฮม๖","91.5288461538462","OK","406"
"2019-11-19","ALL","ธ๐ธเลา(12-1)","A103140","วณป๊","-19.7146562905318","OK","407"
"2019-11-19","ALL","ธ๐ธเลา(12-1)","A104480","ฦผฤษภฬฤษนฬฤฎ","","BLANK","408"
"2019-11-19","ALL","ธ๐ธเลา(12-1)","A104830","ฟ๘ภอธำฦฎธฎพ๓ม๎",".963172804532576","OK","409"
"2019-11-19","ALL","ธ๐ธเลา(12-1)","A105560","KBฑÝภถ","-8.62760068715404","OK","410"
"2019-11-19","ALL","ธ๐ธเลา(12-1)","A105630","วัผผฝวพ๗","13.4924808076559","OK","411"
"2019-11-19","ALL","ธ๐ธเลา(12-1)","A108230","ล้ลุ","-30.6002228944435","OK","412"
"2019-11-19","ALL","ธ๐ธเลา(12-1)","A108320","LXผผนฬฤÜ","-9.92088751477675","OK","413"
"2019-11-19","ALL","ธ๐ธเลา(12-1)","A108670","LXวฯฟ์ฝรฝบ","9.83201581027669","OK","414"
"2019-11-19","ALL","ธ๐ธเลา(12-1)","A111710","ณฒศญป๊พ๗","-45.06701823775","OK","415"
"2019-11-19","ALL","ธ๐ธเลา(12-1)","A111770","ฟตฟ๘นซฟช","-5.05009200572479","OK","416"
"2019-11-19","ALL","ธ๐ธเลา(12-1)","A112040","ภงธÞภฬตๅ","8.00234787712778","OK","417"
"2019-11-19","ALL","ธ๐ธเลา(12-1)","A112610","พพฟกฝบภฉตๅ","3.11473955098056","OK","418"
"2019-11-19","ALL","ธ๐ธเลา(12-1)","A114090","GKL","-8.29488255033557","OK","419"
"2019-11-19","ALL","ธ๐ธเลา(12-1)","A115450","HLBลืถ๓วปฦฝฝบ","-10.9070548712206","OK","420"
"2019-11-19","ALL","ธ๐ธเลา(12-1)","A119610","ภฮลอทฮมถ","31.4595945036994","OK","421"
"2019-11-19","ALL","ธ๐ธเลา(12-1)","A120110","ฤฺฟภทีภฮด๕","-17.1601315906464","OK","422"
"2019-11-19","ALL","ธ๐ธเลา(12-1)","A121800","บ๑ตงฦฎ","-11.7944858726141","OK","423"
"2019-11-19","ALL","ธ๐ธเลา(12-1)","A122870","ฟอภฬม๖ฟฃลอลืภฮธีฦฎ","-38.8844621513944","OK","424"
"2019-11-19","ALL","ธ๐ธเลา(12-1)","A122900","พฦภฬธถฤฯฤฺธฎพฦ","28.2663907440504","OK","425"
"2019-11-19","ALL","ธ๐ธเลา(12-1)","A122990","ฟอภฬผึ","-10.8138981437411","OK","426"
"2019-11-19","ALL","ธ๐ธเลา(12-1)","A123860","พฦณชฦะฝบ","66.4690750475338","OK","427"
"2019-11-19","ALL","ธ๐ธเลา(12-1)","A123890","วัฑนภฺป๊ฝลลน","-16.9030390738061","OK","428"
"2019-11-19","ALL","ธ๐ธเลา(12-1)","A126560","ว๖ด๋วปรณณÝ","-17.7005620848237","OK","429"
"2019-11-19","ALL","ธ๐ธเลา(12-1)","A128940","วันฬพเวฐ","-32.4319451956012","OK","430"
"2019-11-19","ALL","ธ๐ธเลา(12-1)","A131970","ตฮป๊ลืฝบณช","72.6657940663176","OK","431"
"2019-11-19","ALL","ธ๐ธเลา(12-1)","A138040","ธÞธฎร๗ฑÝภถม๖มึ","7.2609561752988","OK","432"
"2019-11-19","ALL","ธ๐ธเลา(12-1)","A138080","ฟภภฬผึท็ผว","261.17042707494","OK","433"
"2019-11-19","ALL","ธ๐ธเลา(12-1)","A138930","BNKฑÝภถม๖มึ","-8.2980866062437","OK","434"
"2019-11-19","ALL","ธ๐ธเลา(12-1)","A139130","iMฑÝภถม๖มึ","-18.3810960281549","OK","435"
"2019-11-19","ALL","ธ๐ธเลา(12-1)","A139480","ภฬธถฦฎ","-39.3259431432147","OK","436"
"2019-11-19","ALL","ธ๐ธเลา(12-1)","A140410","ธÞม๖ฟย","91.2850155624722","OK","437"
"2019-11-19","ALL","ธ๐ธเลา(12-1)","A141080","ธฎฐกฤอนูภฬฟภ","-16.2102277763006","OK","438"
"2019-11-19","ALL","ธ๐ธเลา(12-1)","A143160","พฦภฬต๐ฝบ","41.9153290961974","OK","439"
"2019-11-19","ALL","ธ๐ธเลา(12-1)","A143240","ป็ถ๗ภฮ","47.9389452518052","OK","440"
"2019-11-19","ALL","ธ๐ธเลา(12-1)","A144510","ม๖พพผฟ","-33.137887227597","OK","441"
"2019-11-19","ALL","ธ๐ธเลา(12-1)","A145020","ศÞมฉ","23.8352464550979","OK","442"
"2019-11-19","ALL","ธ๐ธเลา(12-1)","A145720","ตงฦผฟ๒","-11.1637205387205","OK","443"
"2019-11-19","ALL","ธ๐ธเลา(12-1)","A145990","ป๏พ็ป็","-14.9392712550607","OK","444"
"2019-11-19","ALL","ธ๐ธเลา(12-1)","A148150","ผผฐๆวฯภฬลืลฉ","-17.1018817872834","OK","445"
"2019-11-19","ALL","ธ๐ธเลา(12-1)","A161000","พึฐๆฤษนฬฤฎ","-5.35920092201306","OK","446"
"2019-11-19","ALL","ธ๐ธเลา(12-1)","A161390","วัฑนลธภฬพ๎พุลืลฉณ๎ทฮม๖","-26.0990025858884","OK","447"
"2019-11-19","ALL","ธ๐ธเลา(12-1)","A161890","วัฑนฤÝธถ","-27.65","OK","448"
"2019-11-19","ALL","ธ๐ธเลา(12-1)","A166090","วฯณชธำฦผธฎพ๓ม๎","11.7669678907902","OK","449"
"2019-11-19","ALL","ธ๐ธเลา(12-1)","A170900","ตฟพฦฟกฝบฦผ","-11.836592178771","OK","450"
"2019-11-19","ALL","ธ๐ธเลา(12-1)","A174900","พÛลฌทะ","-14.3764975518283","OK","451"
"2019-11-19","ALL","ธ๐ธเลา(12-1)","A175330","JBฑÝภถม๖มึ","-4.99341638812925","OK","452"
"2019-11-19","ALL","ธ๐ธเลา(12-1)","A178320","ผญม๘ฝรฝบลÛ","106.708953403269","OK","453"
"2019-11-19","ALL","ธ๐ธเลา(12-1)","A178920","PIรทดÜผาภ็",".304343816287016","OK","454"
"2019-11-19","ALL","ธ๐ธเลา(12-1)","A179900","ภฏฦผพฦภฬ","207.701185604868","OK","455"
"2019-11-19","ALL","ธ๐ธเลา(12-1)","A180640","วัม๘ฤฎ","17.7388272001468","OK","456"
"2019-11-19","ALL","ธ๐ธเลา(12-1)","A181710","NHN","5.76243544441424","OK","457"
"2019-11-19","ALL","ธ๐ธเลา(12-1)","A182400","ฟฃฤษภฬมจนูภฬฟภลุฤฺธฎพฦ","-30.8421154403945","OK","458"
"2019-11-19","ALL","ธ๐ธเลา(12-1)","A183190","พฦผผพฦฝรธเฦฎ","-19.9934051439877","OK","459"
"2019-11-19","ALL","ธ๐ธเลา(12-1)","A183490","ฟฃม๖ฤอปýธํฐ๚วะ","-46.8643985654745","OK","460"
"2019-11-19","ALL","ธ๐ธเลา(12-1)","A185750","มพฑูด็","-10.0155279503106","OK","461"
"2019-11-19","ALL","ธ๐ธเลา(12-1)","A192080","ด๕บํภฏฐิภำม๎","-12.5871172122492","OK","462"
"2019-11-19","ALL","ธ๐ธเลา(12-1)","A192400","ฤํฤํศฆต๙ฝบ","-19.9978357320636","OK","463"
"2019-11-19","ALL","ธ๐ธเลา(12-1)","A192440","ฝดววฐีฤฺธฎพฦ","33.1730769230769","OK","464"
"2019-11-19","ALL","ธ๐ธเลา(12-1)","A192650","ตๅธฒลุ","4.0582726326743","OK","465"
"2019-11-19","ALL","ธ๐ธเลา(12-1)","A192820","ฤฺฝบธฦฝบ","-46.3446353924756","OK","466"
"2019-11-19","ALL","ธ๐ธเลา(12-1)","A196170","พหลืฟภมจ","34.877360155285","OK","467"
"2019-11-19","ALL","ธ๐ธเลา(12-1)","A199800","ล๘มจ","-16.2761241291957","OK","468"
"2019-11-19","ALL","ธ๐ธเลา(12-1)","A200130","ฤÝธถบ๑พุฟกภฬฤก","23.94","OK","469"
"2019-11-19","ALL","ธ๐ธเลา(12-1)","A200230","ลฺฤÜRFมฆพเ","-49.0238611713666","OK","470"
"2019-11-19","ALL","ธ๐ธเลา(12-1)","A204320","HLธธตต","14.9027005559968","OK","471"
"2019-11-19","ALL","ธ๐ธเลา(12-1)","A207940","ป๏ผบนูภฬฟภทฮม๗ฝบ","2.83645141822571","OK","472"
"2019-11-19","ALL","ธ๐ธเลา(12-1)","A210980","SKต๐พุต๐","1.86290468439138","OK","473"
"2019-11-19","ALL","ธ๐ธเลา(12-1)","A213420","ด๖ป๊ณืฟภท่ฝบ","65.1090664736897","OK","474"
"2019-11-19","ALL","ธ๐ธเลา(12-1)","A213500","วัผึมฆม๖","-10.3939199314922","OK","475"
"2019-11-19","ALL","ธ๐ธเลา(12-1)","A214150","ลฌทกฝรฝบ","197.182302599709","OK","476"
"2019-11-19","ALL","ธ๐ธเลา(12-1)","A214320","ภฬณ๋ผว","20.4219582138468","OK","477"
"2019-11-19","ALL","ธ๐ธเลา(12-1)","A214370","ฤษพ๎มจ","-2.67","OK","478"
"2019-11-19","ALL","ธ๐ธเลา(12-1)","A214450","ฦฤธถธฎผญฤก","-3.11724411793904","OK","479"
"2019-11-19","ALL","ธ๐ธเลา(12-1)","A215000","ฐ๑วมมธ","85.578893442623","OK","480"
"2019-11-19","ALL","ธ๐ธเลา(12-1)","A215200","ธÞฐกฝบลอต๐ฑณภฐ","26.4656926206769","OK","481"
"2019-11-19","ALL","ธ๐ธเลา(12-1)","A215600","ฝลถ๓มจ","-83.1777597402597","OK","482"
"2019-11-19","ALL","ธ๐ธเลา(12-1)","A218410","RFHIC","59.3903167961745","OK","483"
"2019-11-19","ALL","ธ๐ธเลา(12-1)","A222800","ฝษลุ","32.0453200304389","OK","484"
"2019-11-19","ALL","ธ๐ธเลา(12-1)","A226320","ภีร๗วับา","-25.2397187300234","OK","485"
"2019-11-19","ALL","ธ๐ธเลา(12-1)","A226950","ฟรธฏฝบ","","BLANK","486"
"2019-11-19","ALL","ธ๐ธเลา(12-1)","A228760","ม๖ณ๋นอฦฎธฎ","-35.9242072699149","OK","487"
"2019-11-19","ALL","ธ๐ธเลา(12-1)","A230240","ฟกฤกฟกวมพห","120.092915214866","OK","488"
"2019-11-19","ALL","ธ๐ธเลา(12-1)","A230360","ฟกฤฺธถฤษฦร","169.45204091968","OK","489"
"2019-11-19","ALL","ธ๐ธเลา(12-1)","A234080","JWปýธํฐ๚วะ","-14.6315789473684","OK","490"
"2019-11-19","ALL","ธ๐ธเลา(12-1)","A234340","วํลไฦฤภฬณฝผศ","13.8822457578864","OK","491"
"2019-11-19","ALL","ธ๐ธเลา(12-1)","A237690","ฟกฝบฦผฦส","-20.0981575347977","OK","492"
"2019-11-19","ALL","ธ๐ธเลา(12-1)","A237880","ลฌธฎฟภ","50.2179681576952","OK","493"
"2019-11-19","ALL","ธ๐ธเลา(12-1)","A238090","พุต๐ฦ๗ฝบ","-26.5996567786222","OK","494"
"2019-11-19","ALL","ธ๐ธเลา(12-1)","A239610","ฟกภฬฤกฟคป็ภฬพ๐ฝบ","60.6527554842162","OK","495"
"2019-11-19","ALL","ธ๐ธเลา(12-1)","A240810","ฟ๘ภอIPS","57.9132251020602","OK","496"
"2019-11-19","ALL","ธ๐ธเลา(12-1)","A241560","ตฮป๊นไฤน","-10.8662690791469","OK","497"
"2019-11-19","ALL","ธ๐ธเลา(12-1)","A241590","ศญฝยฟฃลอวมถ๓ภฬม๎","37.9522845320891","OK","498"
"2019-11-19","ALL","ธ๐ธเลา(12-1)","A243070","ศÞฟยฝบ","-31.6259146885597","OK","499"
"2019-11-19","ALL","ธ๐ธเลา(12-1)","A244460","ฟรธฎฦะฝบ","-.49751243781094","OK","500"
"2019-11-19","ALL","ธ๐ธเลา(12-1)","A247540","ฟกฤฺวมทฮบ๑ฟฅ","-4.14110429447852","OK","501"
"2019-11-19","ALL","ธ๐ธเลา(12-1)","A249420","ภฯตฟมฆพเ","-18.5735080058224","OK","502"
"2019-11-19","ALL","ธ๐ธเลา(12-1)","A251270","ณÝธถบํ","-27.1558322277783","OK","503"
"2019-11-19","ALL","ธ๐ธเลา(12-1)","A253450","ฝบฦฉต๐ฟภตๅทกฐ๏","-37.4490142760027","OK","504"
"2019-11-19","ALL","ธ๐ธเลา(12-1)","A255440","พ฿ฝบ","43.629389907707","OK","505"
"2019-11-19","ALL","ธ๐ธเลา(12-1)","A263050","ภฏฦฟทบฝบ","-2.24828934506354","OK","506"
"2019-11-19","ALL","ธ๐ธเลา(12-1)","A263750","ฦÞพ๎บ๑ฝบ","10.7901726427623","OK","507"
"2019-11-19","ALL","ธ๐ธเลา(12-1)","A265520","APฝรฝบลÛ",".175592625109729","OK","508"
"2019-11-19","ALL","ธ๐ธเลา(12-1)","A267250","HDว๖ด๋","-7.30832308323083","OK","509"
"2019-11-19","ALL","ธ๐ธเลา(12-1)","A267270","HDฐวผณฑโฐ่","-23.8042759532731","OK","510"
"2019-11-19","ALL","ธ๐ธเลา(12-1)","A267850","พฦฝรพฦณชIDT","","BLANK","511"
"2019-11-19","ALL","ธ๐ธเลา(12-1)","A267980","ธลภฯภฏพ๗","21.8825422365245","OK","512"
"2019-11-19","ALL","ธ๐ธเลา(12-1)","A268280","นฬฟ๘ฟกฝบพพ","11.4712713319196","OK","513"
"2019-11-19","ALL","ธ๐ธเลา(12-1)","A271560","ฟภธฎฟย","0","OK","514"
"2019-11-19","ALL","ธ๐ธเลา(12-1)","A271980","มฆภฯพเวฐ","-31.3759413800122","OK","515"
"2019-11-19","ALL","ธ๐ธเลา(12-1)","A272210","วัศญฝรฝบลÛ","0","OK","516"
"2019-11-19","ALL","ธ๐ธเลา(12-1)","A272290","ภฬณ์ฝบรทดÜผาภ็","37.7138734281592","OK","517"
"2019-11-19","ALL","ธ๐ธเลา(12-1)","A272450","ม๘ฟกพ๎","-25.1794071762871","OK","518"
"2019-11-19","ALL","ธ๐ธเลา(12-1)","A278280","รตบธ","6.14584439019212","OK","519"
"2019-11-19","ALL","ธ๐ธเลา(12-1)","A280360","ทิตฅภฃวชตๅ","-8.27982097684374","OK","520"
"2019-11-19","ALL","ธ๐ธเลา(12-1)","A281820","ฤษภฬพพลุ","69.1307539058404","OK","521"
"2019-11-19","ALL","ธ๐ธเลา(12-1)","A282330","BGFธฎลืภฯ","8.44829430007485","OK","522"
"2019-11-19","ALL","ธ๐ธเลา(12-1)","A284740","ฤํฤํศจฝรฝบ","10.5921961325967","OK","523"
"2019-11-19","ALL","ธ๐ธเลา(12-1)","A285130","SKฤษนฬฤฎ","-33.9379390059571","OK","524"
"2019-11-19","ALL","ธ๐ธเลา(12-1)","A286940","ทิตฅภฬณ๋บฃภฬฦฎ","34.1189674523008","OK","525"
"2019-11-19","ALL","ธ๐ธเลา(12-1)","A293480","วฯณชมฆพเ","-5.68383658969806","OK","526"
"2019-11-19","ALL","ธ๐ธเลา(12-1)","A294870","IPARKว๖ด๋ป๊พ๗ฐณน฿","-20.5523873420552","OK","527"
"2019-11-19","ALL","ธ๐ธเลา(12-1)","A298000","ศฟผบศญวะ","30.7072103202027","OK","528"
"2019-11-19","ALL","ธ๐ธเลา(12-1)","A298020","ศฟผบฦผพุพพ","-7.08282082820828","OK","529"
"2019-11-19","ALL","ธ๐ธเลา(12-1)","A298040","ศฟผบม฿ฐ๘พ๗","","BLANK","530"
"2019-11-19","ALL","ธ๐ธเลา(12-1)","A298050","HSศฟผบรทดÜผาภ็","23.4454880513613","OK","531"
"2019-11-19","ALL","ธ๐ธเลา(12-1)","A298380","ฟกภฬบ๑ฟคนูภฬฟภ","-12.0801828732196","OK","532"
"2019-11-19","ALL","ธ๐ธเลา(12-1)","A298690","ฟกพ๎บฮป๊","-5.67817392944727","OK","533"
"2019-11-19","ALL","ธ๐ธเลา(12-1)","A299660","ผฟธฎตๅ","-19.852528652721","OK","534"
"2019-11-19","ALL","ธ๐ธเลา(12-1)","A300720","วัภฯฝรธเฦฎ","-16.3200675604349","OK","535"
"2019-11-19","ALL","ธ๐ธเลา(12-1)","A307950","ว๖ด๋ฟภลไฟกน๖","3.10341272296112","OK","536"
"2019-11-19","ALL","ธ๐ธเลา(12-1)","A314130","ม๖ณ๐พุฤฤฦÛดฯ","-19.5106245975531","OK","537"
"2019-11-19","ALL","ธ๐ธเลา(12-1)","A316140","ฟ์ธฎฑÝภถม๖มึ","-1.22481232714343","OK","538"
"2019-11-19","ALL","ธ๐ธเลา(12-1)","A317330","ด๖ป๊ลืฤฺววพฦ","10.6684373616644","OK","539"
"2019-11-19","ALL","ธ๐ธเลา(12-1)","A319660","ววฟกฝบฤษภฬ","-5.90006586995389","OK","540"
"2019-11-19","ALL","ธ๐ธเลา(12-1)","A336260","ตฮป๊วปพ๓ผฟ","-41.4451340906429","OK","541"
"2019-11-19","ALL","ธ๐ธเลา(12-1)","A336370","ผึท็ฝบรทดÜผาภ็","-75.0112449397771","OK","542"
"2019-11-19","ALL","ธ๐ธเลา(12-1)","A950160","ฤฺฟภทีฦผฝดม๘","-82.96","OK","543"
"2019-11-19","ALL","ธ๐ธเลา(12-1)","A950170","JTC","16.7804980561101","OK","544"
