Date,Universe,Factor,StockCode,StockName,FactorValue,ValueStatus,SourceRow
"2020-01-15","ALL","모멘텀(12-1)","A000050","경방","-14.01366176775","OK","14"
"2020-01-15","ALL","모멘텀(12-1)","A000070","삼양홀딩스","-21.4555765595463","OK","15"
"2020-01-15","ALL","모멘텀(12-1)","A000080","하이트진로","67.385699553111","OK","16"
"2020-01-15","ALL","모멘텀(12-1)","A000100","유한양행",".857031554343578","OK","17"
"2020-01-15","ALL","모멘텀(12-1)","A000120","CJ대한통운","-9.08703526153191","OK","18"
"2020-01-15","ALL","모멘텀(12-1)","A000140","하이트진로홀딩스","57.7350427350428","OK","19"
"2020-01-15","ALL","모멘텀(12-1)","A000150","두산","-18.4486584627799","OK","20"
"2020-01-15","ALL","모멘텀(12-1)","A000210","DL","-5.76100897819582","OK","21"
"2020-01-15","ALL","모멘텀(12-1)","A000240","한국앤컴퍼니","-9.00545785324439","OK","22"
"2020-01-15","ALL","모멘텀(12-1)","A000250","삼천당제약","-11.7990176013099","OK","23"
"2020-01-15","ALL","모멘텀(12-1)","A000270","기아","28.6546553026216","OK","24"
"2020-01-15","ALL","모멘텀(12-1)","A000370","한화손해보험","-50.6155950752394","OK","25"
"2020-01-15","ALL","모멘텀(12-1)","A000400","롯데손해보험","-28.4350185948337","OK","26"
"2020-01-15","ALL","모멘텀(12-1)","A000480","CR홀딩스","2.62448132780082","OK","27"
"2020-01-15","ALL","모멘텀(12-1)","A000640","동아쏘시오홀딩스","2.39266547406083","OK","28"
"2020-01-15","ALL","모멘텀(12-1)","A000660","SK하이닉스","37.34335839599","OK","29"
"2020-01-15","ALL","모멘텀(12-1)","A000670","영풍","-12.9958443520967","OK","30"
"2020-01-15","ALL","모멘텀(12-1)","A000720","현대건설","-27.9187282871881","OK","31"
"2020-01-15","ALL","모멘텀(12-1)","A000810","삼성화재","-6.80587780355762","OK","32"
"2020-01-15","ALL","모멘텀(12-1)","A000880","한화","-22.2948744990508","OK","33"
"2020-01-15","ALL","모멘텀(12-1)","A000990","DB하이텍","103.646922183508","OK","34"
"2020-01-15","ALL","모멘텀(12-1)","A001040","CJ","-18.3949973944763","OK","35"
"2020-01-15","ALL","모멘텀(12-1)","A001060","JW중외제약","-30.9254197579071","OK","36"
"2020-01-15","ALL","모멘텀(12-1)","A001120","LX인터내셔널","-4.38306494614483","OK","37"
"2020-01-15","ALL","모멘텀(12-1)","A001130","대한제분","","BLANK","38"
"2020-01-15","ALL","모멘텀(12-1)","A001230","동국홀딩스","-23.7884511602806","OK","39"
"2020-01-15","ALL","모멘텀(12-1)","A001360","삼성제약","72.4231370505472","OK","40"
"2020-01-15","ALL","모멘텀(12-1)","A001430","세아베스틸지주","-6.05829057963105","OK","41"
"2020-01-15","ALL","모멘텀(12-1)","A001440","대한전선","-45.5347091932458","OK","42"
"2020-01-15","ALL","모멘텀(12-1)","A001450","현대해상","-21.1094747177221","OK","43"
"2020-01-15","ALL","모멘텀(12-1)","A001500","현대차증권","17.0164430982259","OK","44"
"2020-01-15","ALL","모멘텀(12-1)","A001510","SK증권","-13.2609538580845","OK","45"
"2020-01-15","ALL","모멘텀(12-1)","A001520","동양","-40.4518608793475","OK","46"
"2020-01-15","ALL","모멘텀(12-1)","A001630","종근당홀딩스","60.6540176619743","OK","47"
"2020-01-15","ALL","모멘텀(12-1)","A001680","대상","-9.39809926082366","OK","48"
"2020-01-15","ALL","모멘텀(12-1)","A001720","신영증권","-12.2315035799523","OK","49"
"2020-01-15","ALL","모멘텀(12-1)","A001740","SK네트웍스",".855826201448323","OK","50"
"2020-01-15","ALL","모멘텀(12-1)","A001800","오리온홀딩스","-7.10554843796196","OK","51"
"2020-01-15","ALL","모멘텀(12-1)","A001820","삼화콘덴서","-17.7790063975989","OK","52"
"2020-01-15","ALL","모멘텀(12-1)","A002100","경농","-30.6953080836631","OK","53"
"2020-01-15","ALL","모멘텀(12-1)","A002150","도화엔지니어링","-9.12270475080152","OK","54"
"2020-01-15","ALL","모멘텀(12-1)","A002210","동성제약","3.59263359162725","OK","55"
"2020-01-15","ALL","모멘텀(12-1)","A002240","고려제강","-16.7326632145395","OK","56"
"2020-01-15","ALL","모멘텀(12-1)","A002310","아세아제지","-8.73164218958611","OK","57"
"2020-01-15","ALL","모멘텀(12-1)","A002320","한진","-38.8238679969301","OK","58"
"2020-01-15","ALL","모멘텀(12-1)","A002350","넥센타이어","-.440806045340054","OK","59"
"2020-01-15","ALL","모멘텀(12-1)","A002380","KCC","-22.2535485125413","OK","60"
"2020-01-15","ALL","모멘텀(12-1)","A002390","한독","-20.6935438398647","OK","61"
"2020-01-15","ALL","모멘텀(12-1)","A002620","제일파마홀딩스","-29.22554496659","OK","62"
"2020-01-15","ALL","모멘텀(12-1)","A002780","진흥기업","12.3265471487896","OK","63"
"2020-01-15","ALL","모멘텀(12-1)","A002790","아모레퍼시픽홀딩스","18.312101910828","OK","64"
"2020-01-15","ALL","모멘텀(12-1)","A002810","삼영무역","9.72338642078792","OK","65"
"2020-01-15","ALL","모멘텀(12-1)","A002840","미원상사","61.38","OK","66"
"2020-01-15","ALL","모멘텀(12-1)","A002960","한국쉘석유","4.20004329941548","OK","67"
"2020-01-15","ALL","모멘텀(12-1)","A002990","금호건설","-1.74923946110387","OK","68"
"2020-01-15","ALL","모멘텀(12-1)","A003000","부광약품","-38.3259487574648","OK","69"
"2020-01-15","ALL","모멘텀(12-1)","A003060","에이프로젠바이오로직스","-24.7287000692681","OK","70"
"2020-01-15","ALL","모멘텀(12-1)","A003090","대웅","-27.3487302748458","OK","71"
"2020-01-15","ALL","모멘텀(12-1)","A003220","대원제약","10.1810865191147","OK","72"
"2020-01-15","ALL","모멘텀(12-1)","A003230","삼양식품","43.9773782392167","OK","73"
"2020-01-15","ALL","모멘텀(12-1)","A003240","태광산업","-23.8295376796012","OK","74"
"2020-01-15","ALL","모멘텀(12-1)","A003380","하림지주","-33.5515378221114","OK","75"
"2020-01-15","ALL","모멘텀(12-1)","A003470","유안타증권","-11.4691478942213","OK","76"
"2020-01-15","ALL","모멘텀(12-1)","A003490","대한항공","-20.0322938742557","OK","77"
"2020-01-15","ALL","모멘텀(12-1)","A003520","영진약품","7.9128194116384","OK","78"
"2020-01-15","ALL","모멘텀(12-1)","A003530","한화투자증권","-5.95732068761114","OK","79"
"2020-01-15","ALL","모멘텀(12-1)","A003540","대신증권","7.96732442181201","OK","80"
"2020-01-15","ALL","모멘텀(12-1)","A003550","LG","2.60245901639344","OK","81"
"2020-01-15","ALL","모멘텀(12-1)","A003620","KG모빌리티","-51.6954883586127","OK","82"
"2020-01-15","ALL","모멘텀(12-1)","A003670","포스코퓨처엠","-19.0203562340967","OK","83"
"2020-01-15","ALL","모멘텀(12-1)","A003690","코리안리","-2.99156921403318","OK","84"
"2020-01-15","ALL","모멘텀(12-1)","A003800","에이스침대","56.3645779388918","OK","85"
"2020-01-15","ALL","모멘텀(12-1)","A003850","보령","57.9019073569482","OK","86"
"2020-01-15","ALL","모멘텀(12-1)","A003920","남양유업","-33.6278792692613","OK","87"
"2020-01-15","ALL","모멘텀(12-1)","A004000","롯데정밀화학","6.82634730538922","OK","88"
"2020-01-15","ALL","모멘텀(12-1)","A004020","현대제철","-36.5457214765101","OK","89"
"2020-01-15","ALL","모멘텀(12-1)","A004170","신세계","13.8673634889169","OK","90"
"2020-01-15","ALL","모멘텀(12-1)","A004370","농심","-18.4049079754601","OK","91"
"2020-01-15","ALL","모멘텀(12-1)","A004430","송원산업","-29.7897702644127","OK","92"
"2020-01-15","ALL","모멘텀(12-1)","A004490","세방전지","2.83752398263152","OK","93"
"2020-01-15","ALL","모멘텀(12-1)","A004690","삼천리","-6.78642714570857","OK","94"
"2020-01-15","ALL","모멘텀(12-1)","A004710","한솔테크닉스","36.2841630624827","OK","95"
"2020-01-15","ALL","모멘텀(12-1)","A004800","효성","57.7240303165403","OK","96"
"2020-01-15","ALL","모멘텀(12-1)","A004990","롯데지주","-29.1976594267579","OK","97"
"2020-01-15","ALL","모멘텀(12-1)","A005070","코스모신소재","-43.5568513119534","OK","98"
"2020-01-15","ALL","모멘텀(12-1)","A005180","빙그레","-23.7042909523338","OK","99"
"2020-01-15","ALL","모멘텀(12-1)","A005250","녹십자홀딩스","-8.31399029331082","OK","100"
"2020-01-15","ALL","모멘텀(12-1)","A005290","동진쎄미켐","90.2453987730061","OK","101"
"2020-01-15","ALL","모멘텀(12-1)","A005300","롯데칠성","2.11010132664786","OK","102"
"2020-01-15","ALL","모멘텀(12-1)","A005380","현대차","-5.0925925925926","OK","103"
"2020-01-15","ALL","모멘텀(12-1)","A005440","현대지에프홀딩스","-18.9014710551381","OK","104"
"2020-01-15","ALL","모멘텀(12-1)","A005490","POSCO홀딩스","-5.26157244703285","OK","105"
"2020-01-15","ALL","모멘텀(12-1)","A005500","삼진제약","-34.70328994568","OK","106"
"2020-01-15","ALL","모멘텀(12-1)","A005610","삼립","-30.1590601933673","OK","107"
"2020-01-15","ALL","모멘텀(12-1)","A005690","파미셀","-35.4413825315273","OK","108"
"2020-01-15","ALL","모멘텀(12-1)","A005720","넥센","5.6424409690279","OK","109"
"2020-01-15","ALL","모멘텀(12-1)","A005810","풍산홀딩스","-8.15323158865102","OK","110"
"2020-01-15","ALL","모멘텀(12-1)","A005830","DB손해보험","-12.2201834862385","OK","111"
"2020-01-15","ALL","모멘텀(12-1)","A005850","에스엘","-14.8338607594937","OK","112"
"2020-01-15","ALL","모멘텀(12-1)","A005880","대한해운","-5.73054257264783","OK","113"
"2020-01-15","ALL","모멘텀(12-1)","A005930","삼성전자","33.0891896903393","OK","114"
"2020-01-15","ALL","모멘텀(12-1)","A005940","NH투자증권","-2.62124588772153","OK","115"
"2020-01-15","ALL","모멘텀(12-1)","A006040","동원산업","-.49219119734974","OK","116"
"2020-01-15","ALL","모멘텀(12-1)","A006060","화승인더","82.2838098579197","OK","117"
"2020-01-15","ALL","모멘텀(12-1)","A006120","SK디스커버리","-2.67446319018404","OK","118"
"2020-01-15","ALL","모멘텀(12-1)","A006260","LS","-12.0428751576293","OK","119"
"2020-01-15","ALL","모멘텀(12-1)","A006280","녹십자","-6.31526104417671","OK","120"
"2020-01-15","ALL","모멘텀(12-1)","A006360","GS건설","-27.0258758385688","OK","121"
"2020-01-15","ALL","모멘텀(12-1)","A006400","삼성SDI","-2.9598490048044","OK","122"
"2020-01-15","ALL","모멘텀(12-1)","A006490","프리티","-38.9439591716557","OK","123"
"2020-01-15","ALL","모멘텀(12-1)","A006650","대한유화","-22.8604923798359","OK","124"
"2020-01-15","ALL","모멘텀(12-1)","A006730","서부T&D","3.34655189089854","OK","125"
"2020-01-15","ALL","모멘텀(12-1)","A006800","미래에셋증권","9.66256132972865","OK","126"
"2020-01-15","ALL","모멘텀(12-1)","A006840","AK홀딩스","-38.4132841328413","OK","127"
"2020-01-15","ALL","모멘텀(12-1)","A007070","GS리테일","3.13096601756395","OK","128"
"2020-01-15","ALL","모멘텀(12-1)","A007310","오뚜기","-29.6665659312985","OK","129"
"2020-01-15","ALL","모멘텀(12-1)","A007340","DN오토모티브","-2.94476035743298","OK","130"
"2020-01-15","ALL","모멘텀(12-1)","A007390","네이처셀","-23.2059099437148","OK","131"
"2020-01-15","ALL","모멘텀(12-1)","A007460","에이프로젠","-10.6260296540362","OK","132"
"2020-01-15","ALL","모멘텀(12-1)","A007570","일양약품","-21.1913657119137","OK","133"
"2020-01-15","ALL","모멘텀(12-1)","A007690","국도화학","2.45707823583838","OK","134"
"2020-01-15","ALL","모멘텀(12-1)","A007700","F&F홀딩스","160.061864781264","OK","135"
"2020-01-15","ALL","모멘텀(12-1)","A007810","코리아써키트","97.9741997133301","OK","136"
"2020-01-15","ALL","모멘텀(12-1)","A008060","대덕","4.82730761462331","OK","137"
"2020-01-15","ALL","모멘텀(12-1)","A008350","남선알미늄","19.0618399009396","OK","138"
"2020-01-15","ALL","모멘텀(12-1)","A008490","서흥","37.9973092446665","OK","139"
"2020-01-15","ALL","모멘텀(12-1)","A008730","율촌화학","6.54263565891473","OK","140"
"2020-01-15","ALL","모멘텀(12-1)","A008770","호텔신라","12.2146673142302","OK","141"
"2020-01-15","ALL","모멘텀(12-1)","A008930","한미사이언스","-49.5262283872228","OK","142"
"2020-01-15","ALL","모멘텀(12-1)","A009150","삼성전기","26.1607634428336","OK","143"
"2020-01-15","ALL","모멘텀(12-1)","A009240","한샘","-14.2310146777282","OK","144"
"2020-01-15","ALL","모멘텀(12-1)","A009290","광동제약","-5.86760280842529","OK","145"
"2020-01-15","ALL","모멘텀(12-1)","A009410","태영건설","-4.77979378147231","OK","146"
"2020-01-15","ALL","모멘텀(12-1)","A009420","한올바이오파마","8.78603647774072","OK","147"
"2020-01-15","ALL","모멘텀(12-1)","A009450","경동나비엔","12.3612212529738","OK","148"
"2020-01-15","ALL","모멘텀(12-1)","A009540","HD한국조선해양","-9.74806201550388","OK","149"
"2020-01-15","ALL","모멘텀(12-1)","A009580","무림P&P","-28.1441263573544","OK","150"
"2020-01-15","ALL","모멘텀(12-1)","A009680","모토닉","-14.0554610071078","OK","151"
"2020-01-15","ALL","모멘텀(12-1)","A009830","한화솔루션","-13.221131369799","OK","152"
"2020-01-15","ALL","모멘텀(12-1)","A009970","영원무역홀딩스","-23.4586306037696","OK","153"
"2020-01-15","ALL","모멘텀(12-1)","A010060","OCI홀딩스","-33.9912493923189","OK","154"
"2020-01-15","ALL","모멘텀(12-1)","A010120","LS ELECTRIC","6.23551929082299","OK","155"
"2020-01-15","ALL","모멘텀(12-1)","A010130","고려아연","-1.37610037438026","OK","156"
"2020-01-15","ALL","모멘텀(12-1)","A010140","삼성중공업","-5.67964872088584","OK","157"
"2020-01-15","ALL","모멘텀(12-1)","A010170","대한광통신","-35.811011169319","OK","158"
"2020-01-15","ALL","모멘텀(12-1)","A010780","아이에스동서","11.091531045921","OK","159"
"2020-01-15","ALL","모멘텀(12-1)","A010950","S-Oil","-4.23480992093576","OK","160"
"2020-01-15","ALL","모멘텀(12-1)","A011070","LG이노텍","47.6096333572969","OK","161"
"2020-01-15","ALL","모멘텀(12-1)","A011170","롯데케미칼","-15.8303960190753","OK","162"
"2020-01-15","ALL","모멘텀(12-1)","A011200","HMM","-10.4950845806394","OK","163"
"2020-01-15","ALL","모멘텀(12-1)","A011210","현대위아","27.899389602189","OK","164"
"2020-01-15","ALL","모멘텀(12-1)","A011280","태림포장","9.3635624237495","OK","165"
"2020-01-15","ALL","모멘텀(12-1)","A011690","와이투솔루션","-40.6661267463049","OK","166"
"2020-01-15","ALL","모멘텀(12-1)","A011780","금호석유화학","-11.5556913052331","OK","167"
"2020-01-15","ALL","모멘텀(12-1)","A011790","SKC","22.9709878810136","OK","168"
"2020-01-15","ALL","모멘텀(12-1)","A012330","현대모비스","28.96331738437","OK","169"
"2020-01-15","ALL","모멘텀(12-1)","A012450","한화에어로스페이스","12.9788570232363","OK","170"
"2020-01-15","ALL","모멘텀(12-1)","A012510","더존비즈온","49.2957746478874","OK","171"
"2020-01-15","ALL","모멘텀(12-1)","A012610","경인양행","24.0607139510915","OK","172"
"2020-01-15","ALL","모멘텀(12-1)","A012630","HDC","-34.6614682388741","OK","173"
"2020-01-15","ALL","모멘텀(12-1)","A012750","에스원","-3.30188679245282","OK","174"
"2020-01-15","ALL","모멘텀(12-1)","A013120","동원개발","-1.9935288592005","OK","175"
"2020-01-15","ALL","모멘텀(12-1)","A013890","지누스","-13.5621056271069","OK","176"
"2020-01-15","ALL","모멘텀(12-1)","A014620","성광벤드","-12.2815533980583","OK","177"
"2020-01-15","ALL","모멘텀(12-1)","A014680","한솔케미칼","26.7243786651773","OK","178"
"2020-01-15","ALL","모멘텀(12-1)","A014820","동원시스템즈","2.98254891591752","OK","179"
"2020-01-15","ALL","모멘텀(12-1)","A014830","유니드","4.44075736872927","OK","180"
"2020-01-15","ALL","모멘텀(12-1)","A015750","성우하이텍","-4.10557184750733","OK","181"
"2020-01-15","ALL","모멘텀(12-1)","A015760","한국전력","-20.5489235792266","OK","182"
"2020-01-15","ALL","모멘텀(12-1)","A015860","일진홀딩스","57.8459134850112","OK","183"
"2020-01-15","ALL","모멘텀(12-1)","A016360","삼성증권","19.035635192269","OK","184"
"2020-01-15","ALL","모멘텀(12-1)","A016380","KG스틸","-80.3252339982982","OK","185"
"2020-01-15","ALL","모멘텀(12-1)","A016450","한세예스24홀딩스","-8.93992208324791","OK","186"
"2020-01-15","ALL","모멘텀(12-1)","A016580","환인제약","-13.7102619861241","OK","187"
"2020-01-15","ALL","모멘텀(12-1)","A016800","퍼시스","-2.29291468704812","OK","188"
"2020-01-15","ALL","모멘텀(12-1)","A017390","서울가스","-13.4394706916158","OK","189"
"2020-01-15","ALL","모멘텀(12-1)","A017670","SK텔레콤","-10.4303797468354","OK","190"
"2020-01-15","ALL","모멘텀(12-1)","A017800","현대엘리베이터","-41.0783055198973","OK","191"
"2020-01-15","ALL","모멘텀(12-1)","A017810","풀무원","14.0100250626566","OK","192"
"2020-01-15","ALL","모멘텀(12-1)","A017940","E1","-14.1024335607372","OK","193"
"2020-01-15","ALL","모멘텀(12-1)","A017960","한국카본","6.14720205825598","OK","194"
"2020-01-15","ALL","모멘텀(12-1)","A018250","애경산업","-36.3352727885994","OK","195"
"2020-01-15","ALL","모멘텀(12-1)","A018260","삼성에스디에스","-7.23425692695214","OK","196"
"2020-01-15","ALL","모멘텀(12-1)","A018290","브이티","13.9909238804692","OK","197"
"2020-01-15","ALL","모멘텀(12-1)","A018670","SK가스","11.1602550915449","OK","198"
"2020-01-15","ALL","모멘텀(12-1)","A018880","한온시스템","-6.32461766156882","OK","199"
"2020-01-15","ALL","모멘텀(12-1)","A019170","신풍제약","-3.91866548218339","OK","200"
"2020-01-15","ALL","모멘텀(12-1)","A019680","대교","-6.40885079238512","OK","201"
"2020-01-15","ALL","모멘텀(12-1)","A020000","한섬","-14.747191011236","OK","202"
"2020-01-15","ALL","모멘텀(12-1)","A020150","롯데에너지머티리얼즈","-1.2377076975246","OK","203"
"2020-01-15","ALL","모멘텀(12-1)","A020560","아시아나항공","28.634779854292","OK","204"
"2020-01-15","ALL","모멘텀(12-1)","A021240","코웨이","16.5112926477655","OK","205"
"2020-01-15","ALL","모멘텀(12-1)","A022100","포스코DX","-7.67912929557593","OK","206"
"2020-01-15","ALL","모멘텀(12-1)","A023160","태광","-18.2181991424488","OK","207"
"2020-01-15","ALL","모멘텀(12-1)","A023410","유진기업","-27.4661708501188","OK","208"
"2020-01-15","ALL","모멘텀(12-1)","A023530","롯데쇼핑","-34.8625648048518","OK","209"
"2020-01-15","ALL","모멘텀(12-1)","A023590","다우기술","-2.83455456999614","OK","210"
"2020-01-15","ALL","모멘텀(12-1)","A024110","기업은행","-9.48969469855615","OK","211"
"2020-01-15","ALL","모멘텀(12-1)","A024720","콜마홀딩스","-29.0533278214138","OK","212"
"2020-01-15","ALL","모멘텀(12-1)","A025000","KPX케미칼","14.2857142857143","OK","213"
"2020-01-15","ALL","모멘텀(12-1)","A025540","한국단자","17.6546949372566","OK","214"
"2020-01-15","ALL","모멘텀(12-1)","A025770","한국정보통신","-22.5915765693077","OK","215"
"2020-01-15","ALL","모멘텀(12-1)","A025860","남해화학","-41.3714849531327","OK","216"
"2020-01-15","ALL","모멘텀(12-1)","A025900","동화기업","-16.7948124131542","OK","217"
"2020-01-15","ALL","모멘텀(12-1)","A025980","아난티","-63.2827949901121","OK","218"
"2020-01-15","ALL","모멘텀(12-1)","A026960","동서","-4.54941227688288","OK","219"
"2020-01-15","ALL","모멘텀(12-1)","A027410","BGF","-27.8838734567901","OK","220"
"2020-01-15","ALL","모멘텀(12-1)","A028050","삼성E&A","10.8609132802681","OK","221"
"2020-01-15","ALL","모멘텀(12-1)","A028260","삼성물산","-5.88063763608086","OK","222"
"2020-01-15","ALL","모멘텀(12-1)","A028300","HLB","37.7294769657084","OK","223"
"2020-01-15","ALL","모멘텀(12-1)","A028670","팬오션","-3.99185336048879","OK","224"
"2020-01-15","ALL","모멘텀(12-1)","A029530","신도리코","-20.3553244502221","OK","225"
"2020-01-15","ALL","모멘텀(12-1)","A029780","삼성카드","15.2782079075049","OK","226"
"2020-01-15","ALL","모멘텀(12-1)","A030000","제일기획","11.931936086325","OK","227"
"2020-01-15","ALL","모멘텀(12-1)","A030190","NICE평가정보","26.7566632052613","OK","228"
"2020-01-15","ALL","모멘텀(12-1)","A030200","KT","-8.0230405266406","OK","229"
"2020-01-15","ALL","모멘텀(12-1)","A030520","한컴","-26.1017269038407","OK","230"
"2020-01-15","ALL","모멘텀(12-1)","A030530","원익홀딩스","16.8168407622997","OK","231"
"2020-01-15","ALL","모멘텀(12-1)","A030610","교보증권","3.39805825242718","OK","232"
"2020-01-15","ALL","모멘텀(12-1)","A031430","신세계인터내셔날","16.2159927230629","OK","233"
"2020-01-15","ALL","모멘텀(12-1)","A031440","신세계푸드","-26.3699961134862","OK","234"
"2020-01-15","ALL","모멘텀(12-1)","A032190","다우데이타","-19.424882629108","OK","235"
"2020-01-15","ALL","모멘텀(12-1)","A032350","롯데관광개발","-14.1903790898137","OK","236"
"2020-01-15","ALL","모멘텀(12-1)","A032500","케이엠더블유","300.788867222124","OK","237"
"2020-01-15","ALL","모멘텀(12-1)","A032620","GC메디아이","29.9443037974684","OK","238"
"2020-01-15","ALL","모멘텀(12-1)","A032640","LG유플러스","-18.4741086587436","OK","239"
"2020-01-15","ALL","모멘텀(12-1)","A032830","삼성생명","-8.52055078165442","OK","240"
"2020-01-15","ALL","모멘텀(12-1)","A033270","유나이티드제약","-19.1306196195132","OK","241"
"2020-01-15","ALL","모멘텀(12-1)","A033290","로젠","19.7847358121331","OK","242"
"2020-01-15","ALL","모멘텀(12-1)","A033500","동성화인텍","28.2540253665557","OK","243"
"2020-01-15","ALL","모멘텀(12-1)","A033640","네패스","106.535083577297","OK","244"
"2020-01-15","ALL","모멘텀(12-1)","A033780","KT&G","-4.68288710170009","OK","245"
"2020-01-15","ALL","모멘텀(12-1)","A034020","두산에너빌리티","-39.9075500770416","OK","246"
"2020-01-15","ALL","모멘텀(12-1)","A034120","SBS","-17.3398270215803","OK","247"
"2020-01-15","ALL","모멘텀(12-1)","A034220","LG디스플레이","-20.0490747367345","OK","248"
"2020-01-15","ALL","모멘텀(12-1)","A034230","파라다이스","2.38287198781688","OK","249"
"2020-01-15","ALL","모멘텀(12-1)","A034310","NICE","15.3398968588842","OK","250"
"2020-01-15","ALL","모멘텀(12-1)","A034730","SK","-.379067073812777","OK","251"
"2020-01-15","ALL","모멘텀(12-1)","A034830","한국토지신탁","-13.948451375352","OK","252"
"2020-01-15","ALL","모멘텀(12-1)","A034950","한국기업평가","13.4613471296388","OK","253"
"2020-01-15","ALL","모멘텀(12-1)","A035250","강원랜드","-4.82077922077923","OK","254"
"2020-01-15","ALL","모멘텀(12-1)","A035420","NAVER","32.4505131964809","OK","255"
"2020-01-15","ALL","모멘텀(12-1)","A035600","KG이니시스","-4.04101939283174","OK","256"
"2020-01-15","ALL","모멘텀(12-1)","A035720","카카오","51.1547344110855","OK","257"
"2020-01-15","ALL","모멘텀(12-1)","A035760","CJ ENM","-27.7107270445109","OK","258"
"2020-01-15","ALL","모멘텀(12-1)","A035810","이지홀딩스","-18.3973915620986","OK","259"
"2020-01-15","ALL","모멘텀(12-1)","A035900","JYP Ent.","-32.0202874049028","OK","260"
"2020-01-15","ALL","모멘텀(12-1)","A036420","콘텐트리중앙","-26.5462064005753","OK","261"
"2020-01-15","ALL","모멘텀(12-1)","A036460","한국가스공사","-25.7613797620347","OK","262"
"2020-01-15","ALL","모멘텀(12-1)","A036540","SFA반도체","138.256199652504","OK","263"
"2020-01-15","ALL","모멘텀(12-1)","A036570","NC","13.1409699287328","OK","264"
"2020-01-15","ALL","모멘텀(12-1)","A036800","나이스정보통신","49.9905213270142","OK","265"
"2020-01-15","ALL","모멘텀(12-1)","A036830","솔브레인홀딩스","52.0203971258595","OK","266"
"2020-01-15","ALL","모멘텀(12-1)","A036930","주성엔지니어링","18.3078436633575","OK","267"
"2020-01-15","ALL","모멘텀(12-1)","A037560","LG헬로비전","-40.0994715573516","OK","268"
"2020-01-15","ALL","모멘텀(12-1)","A037710","광주신세계","-14.5459888333823","OK","269"
"2020-01-15","ALL","모멘텀(12-1)","A038290","마크로젠","-20.3062960862167","OK","270"
"2020-01-15","ALL","모멘텀(12-1)","A038500","삼표시멘트","-16.9598509933775","OK","271"
"2020-01-15","ALL","모멘텀(12-1)","A038540","상상인","-39.8432850624876","OK","272"
"2020-01-15","ALL","모멘텀(12-1)","A039030","이오테크닉스","130.288979051089","OK","273"
"2020-01-15","ALL","모멘텀(12-1)","A039130","하나투어","-29.897807668792","OK","274"
"2020-01-15","ALL","모멘텀(12-1)","A039200","오스코텍","10.8364443547573","OK","275"
"2020-01-15","ALL","모멘텀(12-1)","A039440","에스티아이","87.8322757674498","OK","276"
"2020-01-15","ALL","모멘텀(12-1)","A039490","키움증권","-2.49809305873379","OK","277"
"2020-01-15","ALL","모멘텀(12-1)","A039560","다산네트웍스","2.13965980304387","OK","278"
"2020-01-15","ALL","모멘텀(12-1)","A039840","디오","45.4150728832834","OK","279"
"2020-01-15","ALL","모멘텀(12-1)","A040910","아이씨디","137.05388037568","OK","280"
"2020-01-15","ALL","모멘텀(12-1)","A041510","에스엠","-27.1665521640985","OK","281"
"2020-01-15","ALL","모멘텀(12-1)","A041830","인바디","1.11685625646329","OK","282"
"2020-01-15","ALL","모멘텀(12-1)","A041960","코미팜","-29.7784491440081","OK","283"
"2020-01-15","ALL","모멘텀(12-1)","A042000","카페24","-50.6588855421687","OK","284"
"2020-01-15","ALL","모멘텀(12-1)","A042660","한화오션","-13.3832865022375","OK","285"
"2020-01-15","ALL","모멘텀(12-1)","A042700","한미반도체","-4.93472370473765","OK","286"
"2020-01-15","ALL","모멘텀(12-1)","A043150","바텍","29.2660121552127","OK","287"
"2020-01-15","ALL","모멘텀(12-1)","A044340","위닉스","64.7014073792317","OK","288"
"2020-01-15","ALL","모멘텀(12-1)","A045390","대아티아이","-40.1100951670088","OK","289"
"2020-01-15","ALL","모멘텀(12-1)","A046890","서울반도체","-26.7181051498295","OK","290"
"2020-01-15","ALL","모멘텀(12-1)","A047040","대우건설","-15.2533662246891","OK","291"
"2020-01-15","ALL","모멘텀(12-1)","A047050","포스코인터내셔널",".764591858712024","OK","292"
"2020-01-15","ALL","모멘텀(12-1)","A047310","파워로직스","44.6532351801627","OK","293"
"2020-01-15","ALL","모멘텀(12-1)","A047810","한국항공우주","1.74223341729638","OK","294"
"2020-01-15","ALL","모멘텀(12-1)","A048410","현대바이오","156.283924843424","OK","295"
"2020-01-15","ALL","모멘텀(12-1)","A048530","인트론바이오","-28.0374773322587","OK","296"
"2020-01-15","ALL","모멘텀(12-1)","A049950","미래컴퍼니","-39.2566897918731","OK","297"
"2020-01-15","ALL","모멘텀(12-1)","A050890","쏠리드","58.2224738182847","OK","298"
"2020-01-15","ALL","모멘텀(12-1)","A051370","인터플렉스","57.1428571428571","OK","299"
"2020-01-15","ALL","모멘텀(12-1)","A051500","CJ프레시웨이","-10.8853553199843","OK","300"
"2020-01-15","ALL","모멘텀(12-1)","A051600","한전KPS","11.5279672578445","OK","301"
"2020-01-15","ALL","모멘텀(12-1)","A051900","LG생활건강","8.34136510996233","OK","302"
"2020-01-15","ALL","모멘텀(12-1)","A051910","LG화학","-14.8865522966242","OK","303"
"2020-01-15","ALL","모멘텀(12-1)","A052020","에스티큐브","-48.4805075207204","OK","304"
"2020-01-15","ALL","모멘텀(12-1)","A052260","현대바이오랜드","38.6722135552089","OK","305"
"2020-01-15","ALL","모멘텀(12-1)","A052400","코나아이","30.0847835787595","OK","306"
"2020-01-15","ALL","모멘텀(12-1)","A052690","한전기술","-16.4162769873644","OK","307"
"2020-01-15","ALL","모멘텀(12-1)","A052710","아모텍","47.9561774995397","OK","308"
"2020-01-15","ALL","모멘텀(12-1)","A053210","스카이라이프","-24.8015469163444","OK","309"
"2020-01-15","ALL","모멘텀(12-1)","A053580","웹케시","-5.58020961193466","OK","310"
"2020-01-15","ALL","모멘텀(12-1)","A053800","안랩","32.4739440482721","OK","311"
"2020-01-15","ALL","모멘텀(12-1)","A054780","키이스트","-11.0364604670217","OK","312"
"2020-01-15","ALL","모멘텀(12-1)","A055550","신한지주","14.9818501814982","OK","313"
"2020-01-15","ALL","모멘텀(12-1)","A056190","SFA","26.64","OK","314"
"2020-01-15","ALL","모멘텀(12-1)","A057050","현대홈쇼핑","-20.1318092884358","OK","315"
"2020-01-15","ALL","모멘텀(12-1)","A058470","리노공업","33.4775918445855","OK","316"
"2020-01-15","ALL","모멘텀(12-1)","A058650","세아홀딩스","-16.9661086157615","OK","317"
"2020-01-15","ALL","모멘텀(12-1)","A058820","CMG제약","-2.71641791044776","OK","318"
"2020-01-15","ALL","모멘텀(12-1)","A060150","인선이엔티","29.6026690931149","OK","319"
"2020-01-15","ALL","모멘텀(12-1)","A060250","NHN KCP","63.6421666970636","OK","320"
"2020-01-15","ALL","모멘텀(12-1)","A060570","드림어스컴퍼니","-19.8620009857073","OK","321"
"2020-01-15","ALL","모멘텀(12-1)","A060720","KH바텍","122.404889872484","OK","322"
"2020-01-15","ALL","모멘텀(12-1)","A060980","HL홀딩스","8.18133895624671","OK","323"
"2020-01-15","ALL","모멘텀(12-1)","A061970","LB세미콘","73.3362598770852","OK","324"
"2020-01-15","ALL","모멘텀(12-1)","A063570","NICE인프라","-23.3840661405487","OK","325"
"2020-01-15","ALL","모멘텀(12-1)","A064350","현대로템","-47.5583674924256","OK","326"
"2020-01-15","ALL","모멘텀(12-1)","A064760","티씨케이","29.1689750692521","OK","327"
"2020-01-15","ALL","모멘텀(12-1)","A064960","SNT모티브","50.9520263801723","OK","328"
"2020-01-15","ALL","모멘텀(12-1)","A065660","안트로젠","-32.4848484848485","OK","329"
"2020-01-15","ALL","모멘텀(12-1)","A066570","LG전자","9.73029045643152","OK","330"
"2020-01-15","ALL","모멘텀(12-1)","A066700","테라젠이텍스","-10.6579849211789","OK","331"
"2020-01-15","ALL","모멘텀(12-1)","A066970","엘앤에프","-45.1702260745242","OK","332"
"2020-01-15","ALL","모멘텀(12-1)","A067160","SOOP","70.7287789650618","OK","333"
"2020-01-15","ALL","모멘텀(12-1)","A067630","HLB생명과학","37.9504179878928","OK","334"
"2020-01-15","ALL","모멘텀(12-1)","A068240","다원시스","-5.53682342502219","OK","335"
"2020-01-15","ALL","모멘텀(12-1)","A068270","셀트리온","-17.1165301563664","OK","336"
"2020-01-15","ALL","모멘텀(12-1)","A068760","셀트리온제약","-36.6572769953052","OK","337"
"2020-01-15","ALL","모멘텀(12-1)","A069080","웹젠","-20.9197021533508","OK","338"
"2020-01-15","ALL","모멘텀(12-1)","A069260","TKG휴켐스",".458612975391489","OK","339"
"2020-01-15","ALL","모멘텀(12-1)","A069620","대웅제약","-29.5530672791655","OK","340"
"2020-01-15","ALL","모멘텀(12-1)","A069960","현대백화점","-8.12750489327991","OK","341"
"2020-01-15","ALL","모멘텀(12-1)","A070960","모나용평","-4.84673566878982","OK","342"
"2020-01-15","ALL","모멘텀(12-1)","A071050","한국금융지주","15.4074074074074","OK","343"
"2020-01-15","ALL","모멘텀(12-1)","A071320","지역난방공사","-12.0313189236877","OK","344"
"2020-01-15","ALL","모멘텀(12-1)","A071840","롯데하이마트","-38.4031220335408","OK","345"
"2020-01-15","ALL","모멘텀(12-1)","A072710","농심홀딩스","-6.76811053024645","OK","346"
"2020-01-15","ALL","모멘텀(12-1)","A073240","금호타이어","-19.7130766849004","OK","347"
"2020-01-15","ALL","모멘텀(12-1)","A074600","원익QnC","27.0034509202454","OK","348"
"2020-01-15","ALL","모멘텀(12-1)","A074610","이엔플러스","35.0743726581129","OK","349"
"2020-01-15","ALL","모멘텀(12-1)","A078020","LS증권","-30.4963735267452","OK","350"
"2020-01-15","ALL","모멘텀(12-1)","A078070","유비쿼스홀딩스","125.929987347111","OK","351"
"2020-01-15","ALL","모멘텀(12-1)","A078130","국일제지","431.150442477876","OK","352"
"2020-01-15","ALL","모멘텀(12-1)","A078160","메디포스트","-12.4151399609411","OK","353"
"2020-01-15","ALL","모멘텀(12-1)","A078340","컴투스","-4.73673713601914","OK","354"
"2020-01-15","ALL","모멘텀(12-1)","A078520","에이블씨엔씨","-8.93008295242932","OK","355"
"2020-01-15","ALL","모멘텀(12-1)","A078600","대주전자재료","-15.8454269321633","OK","356"
"2020-01-15","ALL","모멘텀(12-1)","A078930","GS",".192122958693574","OK","357"
"2020-01-15","ALL","모멘텀(12-1)","A079160","CJ CGV","-10.019073263772","OK","358"
"2020-01-15","ALL","모멘텀(12-1)","A079430","현대리바트","-35.669498381877","OK","359"
"2020-01-15","ALL","모멘텀(12-1)","A079550","LIG디펜스앤에어로스페이스","-16.0402684563758","OK","360"
"2020-01-15","ALL","모멘텀(12-1)","A080160","모두투어","-31.3093153966645","OK","361"
"2020-01-15","ALL","모멘텀(12-1)","A080420","모다이노칩","-19.9496831904584","OK","362"
"2020-01-15","ALL","모멘텀(12-1)","A081000","일진다이아","-1.18310379887235","OK","363"
"2020-01-15","ALL","모멘텀(12-1)","A081660","미스토홀딩스","13.2058888156449","OK","364"
"2020-01-15","ALL","모멘텀(12-1)","A082270","젬백스","186.788511749347","OK","365"
"2020-01-15","ALL","모멘텀(12-1)","A082640","동양생명","-16.4838675327441","OK","366"
"2020-01-15","ALL","모멘텀(12-1)","A082800","비보존 제약","56.2978011472275","OK","367"
"2020-01-15","ALL","모멘텀(12-1)","A082920","비츠로셀","25.6613059144037","OK","368"
"2020-01-15","ALL","모멘텀(12-1)","A083790","CG인바이츠","-15.8894461636965","OK","369"
"2020-01-15","ALL","모멘텀(12-1)","A084110","휴온스글로벌","-14.5012919896641","OK","370"
"2020-01-15","ALL","모멘텀(12-1)","A084370","유진테크","38.9123815967524","OK","371"
"2020-01-15","ALL","모멘텀(12-1)","A084680","이월드","115.44783010157","OK","372"
"2020-01-15","ALL","모멘텀(12-1)","A084850","아이티엠반도체","-17.3758572254813","OK","373"
"2020-01-15","ALL","모멘텀(12-1)","A084990","헬릭스미스","-57.9130753713552","OK","374"
"2020-01-15","ALL","모멘텀(12-1)","A085620","미래에셋생명","-9.35659993576704","OK","375"
"2020-01-15","ALL","모멘텀(12-1)","A085660","차바이오텍","-26.6451864870143","OK","376"
"2020-01-15","ALL","모멘텀(12-1)","A086280","현대글로비스","6.04401389912603","OK","377"
"2020-01-15","ALL","모멘텀(12-1)","A086390","유니테스트","20.1761409127302","OK","378"
"2020-01-15","ALL","모멘텀(12-1)","A086450","동국제약","40.8478200241703","OK","379"
"2020-01-15","ALL","모멘텀(12-1)","A086520","에코프로","-37.1357053459682","OK","380"
"2020-01-15","ALL","모멘텀(12-1)","A086790","하나금융지주","4.89189779427824","OK","381"
"2020-01-15","ALL","모멘텀(12-1)","A086820","바이오솔루션","-8.92586989409986","OK","382"
"2020-01-15","ALL","모멘텀(12-1)","A086900","메디톡스","-48.8322897275343","OK","383"
"2020-01-15","ALL","모멘텀(12-1)","A087010","펩트론","","BLANK","384"
"2020-01-15","ALL","모멘텀(12-1)","A088350","한화생명","-42.7710843373494","OK","385"
"2020-01-15","ALL","모멘텀(12-1)","A088800","에이스테크","25.7351746547522","OK","386"
"2020-01-15","ALL","모멘텀(12-1)","A089030","테크윙","34.0808939250865","OK","387"
"2020-01-15","ALL","모멘텀(12-1)","A089590","제주항공","-23.6878589819766","OK","388"
"2020-01-15","ALL","모멘텀(12-1)","A089600","KT나스미디어","7.51329120272848","OK","389"
"2020-01-15","ALL","모멘텀(12-1)","A090430","아모레퍼시픽","3.1679866611088","OK","390"
"2020-01-15","ALL","모멘텀(12-1)","A090460","비에이치","34.9567545304778","OK","391"
"2020-01-15","ALL","모멘텀(12-1)","A091700","파트론","50.680412371134","OK","392"
"2020-01-15","ALL","모멘텀(12-1)","A091810","트리니티항공","-23.9931877379283","OK","393"
"2020-01-15","ALL","모멘텀(12-1)","A092040","아미코젠","-31.6799527605551","OK","394"
"2020-01-15","ALL","모멘텀(12-1)","A092190","서울바이오시스","-26.5462024386661","OK","395"
"2020-01-15","ALL","모멘텀(12-1)","A092730","네오팜","9.45258128181159","OK","396"
"2020-01-15","ALL","모멘텀(12-1)","A093050","LF","-27.656602557215","OK","397"
"2020-01-15","ALL","모멘텀(12-1)","A093370","후성","4.75313190862197","OK","398"
"2020-01-15","ALL","모멘텀(12-1)","A095610","테스","97.5156405839151","OK","399"
"2020-01-15","ALL","모멘텀(12-1)","A095660","네오위즈","26.6489361702128","OK","400"
"2020-01-15","ALL","모멘텀(12-1)","A095700","제넥신","-14.4607370248891","OK","401"
"2020-01-15","ALL","모멘텀(12-1)","A095720","웅진씽크빅","-20.2164502164502","OK","402"
"2020-01-15","ALL","모멘텀(12-1)","A096530","씨젠","52.3459777067312","OK","403"
"2020-01-15","ALL","모멘텀(12-1)","A096760","JW홀딩스","-12.6796714579056","OK","404"
"2020-01-15","ALL","모멘텀(12-1)","A096770","SK이노베이션","-17.504877520052","OK","405"
"2020-01-15","ALL","모멘텀(12-1)","A097230","HJ중공업","-64.0463132236441","OK","406"
"2020-01-15","ALL","모멘텀(12-1)","A097520","엠씨넥스","167.786869277226","OK","407"
"2020-01-15","ALL","모멘텀(12-1)","A097780","에코볼트","-13.1780041953851","OK","408"
"2020-01-15","ALL","모멘텀(12-1)","A097950","CJ제일제당","-24.958864664747","OK","409"
"2020-01-15","ALL","모멘텀(12-1)","A098460","고영","36.7263659034233","OK","410"
"2020-01-15","ALL","모멘텀(12-1)","A099190","아이센스","2.57452574525745","OK","411"
"2020-01-15","ALL","모멘텀(12-1)","A100120","뷰웍스","-8.97296457426972","OK","412"
"2020-01-15","ALL","모멘텀(12-1)","A101490","에스앤에스텍","162.701833856945","OK","413"
"2020-01-15","ALL","모멘텀(12-1)","A102460","이연제약","5.23","OK","414"
"2020-01-15","ALL","모멘텀(12-1)","A102710","이엔에프테크놀로지","97.2375690607735","OK","415"
"2020-01-15","ALL","모멘텀(12-1)","A103140","풍산","-22.0122237893747","OK","416"
"2020-01-15","ALL","모멘텀(12-1)","A104830","원익머트리얼즈","22.0708194289952","OK","417"
"2020-01-15","ALL","모멘텀(12-1)","A105560","KB금융","6.95198329853861","OK","418"
"2020-01-15","ALL","모멘텀(12-1)","A105630","한세실업","-13.5673816268717","OK","419"
"2020-01-15","ALL","모멘텀(12-1)","A108230","톱텍","28.1615302869288","OK","420"
"2020-01-15","ALL","모멘텀(12-1)","A108320","LX세미콘","7.2248669840381","OK","421"
"2020-01-15","ALL","모멘텀(12-1)","A108670","LX하우시스","-8.11939690301548","OK","422"
"2020-01-15","ALL","모멘텀(12-1)","A111710","남화산업","44.0628984275393","OK","423"
"2020-01-15","ALL","모멘텀(12-1)","A111770","영원무역","-3.99400364064675","OK","424"
"2020-01-15","ALL","모멘텀(12-1)","A112040","위메이드","-17.0597767374865","OK","425"
"2020-01-15","ALL","모멘텀(12-1)","A112610","씨에스윈드","25.3978594695207","OK","426"
"2020-01-15","ALL","모멘텀(12-1)","A114090","GKL","-20.8028207214538","OK","427"
"2020-01-15","ALL","모멘텀(12-1)","A115450","HLB테라퓨틱스","35.312277368796","OK","428"
"2020-01-15","ALL","모멘텀(12-1)","A119610","인터로조","4.53499520613614","OK","429"
"2020-01-15","ALL","모멘텀(12-1)","A120110","코오롱인더","-14.6899026140441","OK","430"
"2020-01-15","ALL","모멘텀(12-1)","A121800","비덴트","13.7464251668255","OK","431"
"2020-01-15","ALL","모멘텀(12-1)","A122870","와이지엔터테인먼트","-45.7105147382314","OK","432"
"2020-01-15","ALL","모멘텀(12-1)","A122900","아이마켓코리아","43.6594738397872","OK","433"
"2020-01-15","ALL","모멘텀(12-1)","A122990","와이솔","-8.22283609576426","OK","434"
"2020-01-15","ALL","모멘텀(12-1)","A123690","한국화장품","-1.80367222474534","OK","435"
"2020-01-15","ALL","모멘텀(12-1)","A123860","아나패스","39.200642340976","OK","436"
"2020-01-15","ALL","모멘텀(12-1)","A123890","한국자산신탁","-15.4549365454937","OK","437"
"2020-01-15","ALL","모멘텀(12-1)","A126560","현대퓨처넷","-17.2582253240279","OK","438"
"2020-01-15","ALL","모멘텀(12-1)","A128940","한미약품","-33.5186811042825","OK","439"
"2020-01-15","ALL","모멘텀(12-1)","A131970","두산테스나","74.7842559461166","OK","440"
"2020-01-15","ALL","모멘텀(12-1)","A138040","메리츠금융지주","3.82974067184594","OK","441"
"2020-01-15","ALL","모멘텀(12-1)","A138080","오이솔루션","172.200901051226","OK","442"
"2020-01-15","ALL","모멘텀(12-1)","A138930","BNK금융지주","15.565729234794","OK","443"
"2020-01-15","ALL","모멘텀(12-1)","A139130","iM금융지주","-8.78953107960741","OK","444"
"2020-01-15","ALL","모멘텀(12-1)","A139480","이마트","-33.4220613287905","OK","445"
"2020-01-15","ALL","모멘텀(12-1)","A140410","메지온","68.9452065411145","OK","446"
"2020-01-15","ALL","모멘텀(12-1)","A140860","파크시스템스","-1.20205055683225","OK","447"
"2020-01-15","ALL","모멘텀(12-1)","A141080","리가켐바이오","8.59625057155921","OK","448"
"2020-01-15","ALL","모멘텀(12-1)","A143160","아이디스","23.425871234495","OK","449"
"2020-01-15","ALL","모멘텀(12-1)","A143240","사람인","59.627998042095","OK","450"
"2020-01-15","ALL","모멘텀(12-1)","A144510","지씨셀","-16.399632615573","OK","451"
"2020-01-15","ALL","모멘텀(12-1)","A145020","휴젤","4.27966483466979","OK","452"
"2020-01-15","ALL","모멘텀(12-1)","A145720","덴티움","-22.8469288267793","OK","453"
"2020-01-15","ALL","모멘텀(12-1)","A145990","삼양사","-9.96728462377318","OK","454"
"2020-01-15","ALL","모멘텀(12-1)","A148150","세경하이테크","3.03967027305514","OK","455"
"2020-01-15","ALL","모멘텀(12-1)","A161000","애경케미칼",".743602124577492","OK","456"
"2020-01-15","ALL","모멘텀(12-1)","A161390","한국타이어앤테크놀로지","-10.3805073431242","OK","457"
"2020-01-15","ALL","모멘텀(12-1)","A161890","한국콜마","-30.9355099112028","OK","458"
"2020-01-15","ALL","모멘텀(12-1)","A166090","하나머티리얼즈","25.17","OK","459"
"2020-01-15","ALL","모멘텀(12-1)","A170900","동아에스티","8.69085695378845","OK","460"
"2020-01-15","ALL","모멘텀(12-1)","A174900","앱클론","1.22976019676165","OK","461"
"2020-01-15","ALL","모멘텀(12-1)","A175330","JB금융지주","1.43120459720262","OK","462"
"2020-01-15","ALL","모멘텀(12-1)","A178320","서진시스템","42.2476122467197","OK","463"
"2020-01-15","ALL","모멘텀(12-1)","A178920","PI첨단소재","1.05474635861376","OK","464"
"2020-01-15","ALL","모멘텀(12-1)","A179900","유티아이","142.246161266983","OK","465"
"2020-01-15","ALL","모멘텀(12-1)","A180640","한진칼","32.9999019319408","OK","466"
"2020-01-15","ALL","모멘텀(12-1)","A181710","NHN","11.3724498398247","OK","467"
"2020-01-15","ALL","모멘텀(12-1)","A182400","엔케이젠바이오텍코리아","-12.8955610757101","OK","468"
"2020-01-15","ALL","모멘텀(12-1)","A183190","아세아시멘트","-33.7644727234797","OK","469"
"2020-01-15","ALL","모멘텀(12-1)","A183490","엔지켐생명과학","-38.7163561076605","OK","470"
"2020-01-15","ALL","모멘텀(12-1)","A185750","종근당","-13.7139709932073","OK","471"
"2020-01-15","ALL","모멘텀(12-1)","A189300","인텔리안테크","104.793902316719","OK","472"
"2020-01-15","ALL","모멘텀(12-1)","A192080","더블유게임즈","-11.653042688465","OK","473"
"2020-01-15","ALL","모멘텀(12-1)","A192400","쿠쿠홀딩스","-18.7466808284652","OK","474"
"2020-01-15","ALL","모멘텀(12-1)","A192440","슈피겐코리아","-16.1217817736003","OK","475"
"2020-01-15","ALL","모멘텀(12-1)","A192650","드림텍","-10.1688825008983","OK","476"
"2020-01-15","ALL","모멘텀(12-1)","A192820","코스맥스","-36.3528661259455","OK","477"
"2020-01-15","ALL","모멘텀(12-1)","A195870","해성디에스","15.5837648237849","OK","478"
"2020-01-15","ALL","모멘텀(12-1)","A196170","알테오젠","95.9138253360634","OK","479"
"2020-01-15","ALL","모멘텀(12-1)","A199800","툴젠","-49.1403870714216","OK","480"
"2020-01-15","ALL","모멘텀(12-1)","A200130","콜마비앤에이치","34.0007852375344","OK","481"
"2020-01-15","ALL","모멘텀(12-1)","A200230","텔콘RF제약","4.67335058214746","OK","482"
"2020-01-15","ALL","모멘텀(12-1)","A204320","HL만도","14.9035403858385","OK","483"
"2020-01-15","ALL","모멘텀(12-1)","A207940","삼성바이오로직스","-1.97776157491798","OK","484"
"2020-01-15","ALL","모멘텀(12-1)","A210980","SK디앤디","3.24123791857853","OK","485"
"2020-01-15","ALL","모멘텀(12-1)","A213420","덕산네오룩스","47.5045902186613","OK","486"
"2020-01-15","ALL","모멘텀(12-1)","A213500","한솔제지","-15.7221399873123","OK","487"
"2020-01-15","ALL","모멘텀(12-1)","A214150","클래시스","226.635071090047","OK","488"
"2020-01-15","ALL","모멘텀(12-1)","A214320","이노션","-1.02272727272728","OK","489"
"2020-01-15","ALL","모멘텀(12-1)","A214370","케어젠","8.66","OK","490"
"2020-01-15","ALL","모멘텀(12-1)","A214450","파마리서치","11.1197060529878","OK","491"
"2020-01-15","ALL","모멘텀(12-1)","A215000","골프존","99.4077743081727","OK","492"
"2020-01-15","ALL","모멘텀(12-1)","A215200","메가스터디교육","31.6538677654991","OK","493"
"2020-01-15","ALL","모멘텀(12-1)","A215600","신라젠","-79.7898276586801","OK","494"
"2020-01-15","ALL","모멘텀(12-1)","A218410","RFHIC","33.0895413227458","OK","495"
"2020-01-15","ALL","모멘텀(12-1)","A222800","심텍","71.4532539834901","OK","496"
"2020-01-15","ALL","모멘텀(12-1)","A226320","잇츠한불","-27.3463472849714","OK","497"
"2020-01-15","ALL","모멘텀(12-1)","A226950","올릭스","-33.3602096351542","OK","498"
"2020-01-15","ALL","모멘텀(12-1)","A228670","레이","-23.2186732186732","OK","499"
"2020-01-15","ALL","모멘텀(12-1)","A228760","지노믹트리","-13.9615676908045","OK","500"
"2020-01-15","ALL","모멘텀(12-1)","A229640","LS에코에너지","34.6298737992089","OK","501"
"2020-01-15","ALL","모멘텀(12-1)","A230240","에치에프알","122.218030931724","OK","502"
"2020-01-15","ALL","모멘텀(12-1)","A230360","에코마케팅","129.256991560483","OK","503"
"2020-01-15","ALL","모멘텀(12-1)","A232140","와이씨","-10.4226942347047","OK","504"
"2020-01-15","ALL","모멘텀(12-1)","A234080","JW생명과학","-6.85959271168274","OK","505"
"2020-01-15","ALL","모멘텀(12-1)","A234340","헥토파이낸셜","2.59567046270648","OK","506"
"2020-01-15","ALL","모멘텀(12-1)","A235980","메드팩토","0","OK","507"
"2020-01-15","ALL","모멘텀(12-1)","A237690","에스티팜","39.9476794884217","OK","508"
"2020-01-15","ALL","모멘텀(12-1)","A237880","클리오","82.2255414488424","OK","509"
"2020-01-15","ALL","모멘텀(12-1)","A239610","에이치엘사이언스","25.3058405682715","OK","510"
"2020-01-15","ALL","모멘텀(12-1)","A240810","원익IPS","94.936345362305","OK","511"
"2020-01-15","ALL","모멘텀(12-1)","A241560","두산밥캣","2.84906041624571","OK","512"
"2020-01-15","ALL","모멘텀(12-1)","A241590","화승엔터프라이즈","83.1501137225171","OK","513"
"2020-01-15","ALL","모멘텀(12-1)","A243070","휴온스","-18.9852380486851","OK","514"
"2020-01-15","ALL","모멘텀(12-1)","A243840","신흥에스이씨","5.10915843826434","OK","515"
"2020-01-15","ALL","모멘텀(12-1)","A244460","올리패스","6.58708164570454","OK","516"
"2020-01-15","ALL","모멘텀(12-1)","A247540","에코프로비엠","-9.83680461635559","OK","517"
"2020-01-15","ALL","모멘텀(12-1)","A249420","일동제약","-15.224032586558","OK","518"
"2020-01-15","ALL","모멘텀(12-1)","A251270","넷마블","-19.3754565376187","OK","519"
"2020-01-15","ALL","모멘텀(12-1)","A251970","펌텍코리아","-5.18630890300558","OK","520"
"2020-01-15","ALL","모멘텀(12-1)","A253450","스튜디오드래곤","-15.7637737239727","OK","521"
"2020-01-15","ALL","모멘텀(12-1)","A255440","야스","8.52787960640555","OK","522"
"2020-01-15","ALL","모멘텀(12-1)","A263050","유틸렉스","-23.198048347749","OK","523"
"2020-01-15","ALL","모멘텀(12-1)","A263750","펄어비스","-4.92319810949198E-02","OK","524"
"2020-01-15","ALL","모멘텀(12-1)","A265520","AP시스템","31.3077697446691","OK","525"
"2020-01-15","ALL","모멘텀(12-1)","A267250","HD현대","-4.05463081519419","OK","526"
"2020-01-15","ALL","모멘텀(12-1)","A267260","HD현대일렉트릭","-51.8026565464896","OK","527"
"2020-01-15","ALL","모멘텀(12-1)","A267270","HD건설기계","-40.4947916666667","OK","528"
"2020-01-15","ALL","모멘텀(12-1)","A267980","매일유업","2.60281585772508","OK","529"
"2020-01-15","ALL","모멘텀(12-1)","A268280","미원에스씨","9.3054107836634","OK","530"
"2020-01-15","ALL","모멘텀(12-1)","A271560","오리온","-8.82438036454816","OK","531"
"2020-01-15","ALL","모멘텀(12-1)","A271980","제일약품","-25.777907429016","OK","532"
"2020-01-15","ALL","모멘텀(12-1)","A272210","한화시스템","9.25379656943079","OK","533"
"2020-01-15","ALL","모멘텀(12-1)","A272290","이녹스첨단소재","16.6634652324241","OK","534"
"2020-01-15","ALL","모멘텀(12-1)","A272450","진에어","-21.4837858220211","OK","535"
"2020-01-15","ALL","모멘텀(12-1)","A278280","천보","-18.0999180999181","OK","536"
"2020-01-15","ALL","모멘텀(12-1)","A280360","롯데웰푸드","-8.69179163378058","OK","537"
"2020-01-15","ALL","모멘텀(12-1)","A281820","케이씨텍","87.2500427277389","OK","538"
"2020-01-15","ALL","모멘텀(12-1)","A282330","BGF리테일","-12.737462006079","OK","539"
"2020-01-15","ALL","모멘텀(12-1)","A284740","쿠쿠홈시스","19.372236004746","OK","540"
"2020-01-15","ALL","모멘텀(12-1)","A285130","SK케미칼","-4.15019762845851","OK","541"
"2020-01-15","ALL","모멘텀(12-1)","A286940","롯데이노베이트","3.19037656903767","OK","542"
"2020-01-15","ALL","모멘텀(12-1)","A288330","파라택시스코리아","0","OK","543"
"2020-01-15","ALL","모멘텀(12-1)","A293480","하나제약",".442923293738673","OK","544"
"2020-01-15","ALL","모멘텀(12-1)","A293780","압타바이오","-13.1567520625271","OK","545"
"2020-01-15","ALL","모멘텀(12-1)","A294870","IPARK현대산업개발","-42.6175600131536","OK","546"
"2020-01-15","ALL","모멘텀(12-1)","A298000","효성화학","-2.33489756209225","OK","547"
"2020-01-15","ALL","모멘텀(12-1)","A298020","효성티앤씨","-15.5376961347111","OK","548"
"2020-01-15","ALL","모멘텀(12-1)","A298050","HS효성첨단소재","0","OK","549"
"2020-01-15","ALL","모멘텀(12-1)","A298380","에이비엘바이오","13.4226247831952","OK","550"
"2020-01-15","ALL","모멘텀(12-1)","A298690","에어부산","32.7910037085776","OK","551"
"2020-01-15","ALL","모멘텀(12-1)","A300120","라온피플","-31.6799890687982","OK","552"
"2020-01-15","ALL","모멘텀(12-1)","A300720","한일시멘트","-22.8868267097034","OK","553"
"2020-01-15","ALL","모멘텀(12-1)","A307950","현대오토에버","6.16838305552608","OK","554"
"2020-01-15","ALL","모멘텀(12-1)","A314130","지놈앤컴퍼니","88.0988554643978","OK","555"
"2020-01-15","ALL","모멘텀(12-1)","A316140","우리금융지주","13.0198915009042","OK","556"
"2020-01-15","ALL","모멘텀(12-1)","A317330","덕산테코피아","-5.08731966590736","OK","557"
"2020-01-15","ALL","모멘텀(12-1)","A319660","피에스케이","-20.6286213191523","OK","558"
"2020-01-15","ALL","모멘텀(12-1)","A321550","티움바이오","-9.01646801928851","OK","559"
"2020-01-15","ALL","모멘텀(12-1)","A336260","두산퓨얼셀","0","OK","560"
"2020-01-15","ALL","모멘텀(12-1)","A336370","솔루스첨단소재","-17.4576970697482","OK","561"
"2020-01-15","ALL","모멘텀(12-1)","A950160","코오롱티슈진","-79.46","OK","562"
"2020-01-15","ALL","모멘텀(12-1)","A950170","JTC","19.4872276483847","OK","563"
