Date,Universe,Factor,StockCode,StockName,FactorValue,ValueStatus,SourceRow
"2025-04-11","ALL","모멘텀(12-1)","A000070","삼양홀딩스","-11.3416469576435","OK","14"
"2025-04-11","ALL","모멘텀(12-1)","A000080","하이트진로","-11.6037922180525","OK","15"
"2025-04-11","ALL","모멘텀(12-1)","A000100","유한양행","73.2757678434802","OK","16"
"2025-04-11","ALL","모멘텀(12-1)","A000120","CJ대한통운","-23.6887017863238","OK","17"
"2025-04-11","ALL","모멘텀(12-1)","A000150","두산","113.434183788666","OK","18"
"2025-04-11","ALL","모멘텀(12-1)","A000210","DL","-31.6039415885077","OK","19"
"2025-04-11","ALL","모멘텀(12-1)","A000240","한국앤컴퍼니","-2.19414129810454","OK","20"
"2025-04-11","ALL","모멘텀(12-1)","A000250","삼천당제약","99.1854868567197","OK","21"
"2025-04-11","ALL","모멘텀(12-1)","A000270","기아","-11.9044761790472","OK","22"
"2025-04-11","ALL","모멘텀(12-1)","A000370","한화손해보험","-7.00409534810458","OK","23"
"2025-04-11","ALL","모멘텀(12-1)","A000400","롯데손해보험","-44.8494277141905","OK","24"
"2025-04-11","ALL","모멘텀(12-1)","A000500","가온전선","31.559930226763","OK","25"
"2025-04-11","ALL","모멘텀(12-1)","A000640","동아쏘시오홀딩스","-14.9528017674232","OK","26"
"2025-04-11","ALL","모멘텀(12-1)","A000660","SK하이닉스","-.311623558741033","OK","27"
"2025-04-11","ALL","모멘텀(12-1)","A000670","영풍","14.0666666666667","OK","28"
"2025-04-11","ALL","모멘텀(12-1)","A000720","현대건설","1.79795282599022","OK","29"
"2025-04-11","ALL","모멘텀(12-1)","A000810","삼성화재","32.7160493827161","OK","30"
"2025-04-11","ALL","모멘텀(12-1)","A000880","한화","85.1182534869618","OK","31"
"2025-04-11","ALL","모멘텀(12-1)","A000990","DB하이텍",".454785827604454","OK","32"
"2025-04-11","ALL","모멘텀(12-1)","A001040","CJ","-11.9682307832755","OK","33"
"2025-04-11","ALL","모멘텀(12-1)","A001060","JW중외제약","-27.8708748843426","OK","34"
"2025-04-11","ALL","모멘텀(12-1)","A001120","LX인터내셔널","-.383260824528691","OK","35"
"2025-04-11","ALL","모멘텀(12-1)","A001270","부국증권","13.7990998363339","OK","36"
"2025-04-11","ALL","모멘텀(12-1)","A001430","세아베스틸지주","-6.38131280177477","OK","37"
"2025-04-11","ALL","모멘텀(12-1)","A001440","대한전선","-8.95787603219401","OK","38"
"2025-04-11","ALL","모멘텀(12-1)","A001450","현대해상","-26.1636717904308","OK","39"
"2025-04-11","ALL","모멘텀(12-1)","A001500","현대차증권","-18.9220183486239","OK","40"
"2025-04-11","ALL","모멘텀(12-1)","A001530","DI동일","77.6242502142245","OK","41"
"2025-04-11","ALL","모멘텀(12-1)","A001570","금양","-87.5902823374918","OK","42"
"2025-04-11","ALL","모멘텀(12-1)","A001680","대상","24.3687011663458","OK","43"
"2025-04-11","ALL","모멘텀(12-1)","A001720","신영증권","23.6515841898908","OK","44"
"2025-04-11","ALL","모멘텀(12-1)","A001740","SK네트웍스","-22.9354838709677","OK","45"
"2025-04-11","ALL","모멘텀(12-1)","A001800","오리온홀딩스","7.5234219740702","OK","46"
"2025-04-11","ALL","모멘텀(12-1)","A001940","KISCO홀딩스","-11.1625100563154","OK","47"
"2025-04-11","ALL","모멘텀(12-1)","A002020","코오롱","16.3139329805997","OK","48"
"2025-04-11","ALL","모멘텀(12-1)","A002030","아세아",".195749440715872","OK","49"
"2025-04-11","ALL","모멘텀(12-1)","A002240","고려제강","-4.65091299677766","OK","50"
"2025-04-11","ALL","모멘텀(12-1)","A002310","아세아제지","-19.9124025210982","OK","51"
"2025-04-11","ALL","모멘텀(12-1)","A002320","한진","-9.76416604417885","OK","52"
"2025-04-11","ALL","모멘텀(12-1)","A002350","넥센타이어","-44.2169801517198","OK","53"
"2025-04-11","ALL","모멘텀(12-1)","A002380","KCC","15.0847653096529","OK","54"
"2025-04-11","ALL","모멘텀(12-1)","A002630","오리엔트바이오","","BLANK","55"
"2025-04-11","ALL","모멘텀(12-1)","A002710","TCC스틸","-49.106652006597","OK","56"
"2025-04-11","ALL","모멘텀(12-1)","A002790","아모레퍼시픽홀딩스","-19.6302165874274","OK","57"
"2025-04-11","ALL","모멘텀(12-1)","A002840","미원상사","-4.42048517520216","OK","58"
"2025-04-11","ALL","모멘텀(12-1)","A002960","한국쉘석유","18.8961646398503","OK","59"
"2025-04-11","ALL","모멘텀(12-1)","A003030","세아제강지주","14.7279549718574","OK","60"
"2025-04-11","ALL","모멘텀(12-1)","A003090","대웅","3.21474076252082","OK","61"
"2025-04-11","ALL","모멘텀(12-1)","A003160","디아이","-33.8455008488964","OK","62"
"2025-04-11","ALL","모멘텀(12-1)","A003220","대원제약","-1.27159054784359","OK","63"
"2025-04-11","ALL","모멘텀(12-1)","A003230","삼양식품","275.096786682153","OK","64"
"2025-04-11","ALL","모멘텀(12-1)","A003240","태광산업","15.9549026306799","OK","65"
"2025-04-11","ALL","모멘텀(12-1)","A003280","흥아해운","-53.7308497740549","OK","66"
"2025-04-11","ALL","모멘텀(12-1)","A003300","한일홀딩스","14.7857573928787","OK","67"
"2025-04-11","ALL","모멘텀(12-1)","A003380","하림지주","-16.8252427184466","OK","68"
"2025-04-11","ALL","모멘텀(12-1)","A003470","유안타증권","3.61643274254688","OK","69"
"2025-04-11","ALL","모멘텀(12-1)","A003490","대한항공","10.7174490699734","OK","70"
"2025-04-11","ALL","모멘텀(12-1)","A003520","영진약품","-1.23064301097322","OK","71"
"2025-04-11","ALL","모멘텀(12-1)","A003530","한화투자증권","-6.58151114959948","OK","72"
"2025-04-11","ALL","모멘텀(12-1)","A003540","대신증권","12.2357596584401","OK","73"
"2025-04-11","ALL","모멘텀(12-1)","A003550","LG","-14.1936916925811","OK","74"
"2025-04-11","ALL","모멘텀(12-1)","A003570","SNT다이내믹스","99.8404740200547","OK","75"
"2025-04-11","ALL","모멘텀(12-1)","A003620","KG모빌리티","-36.5007012622721","OK","76"
"2025-04-11","ALL","모멘텀(12-1)","A003670","포스코퓨처엠","-49.3131113309155","OK","77"
"2025-04-11","ALL","모멘텀(12-1)","A003690","코리안리","21.1237853823405","OK","78"
"2025-04-11","ALL","모멘텀(12-1)","A003800","에이스침대","-3.47695390781563","OK","79"
"2025-04-11","ALL","모멘텀(12-1)","A003850","보령","-14.5669752724716","OK","80"
"2025-04-11","ALL","모멘텀(12-1)","A003920","남양유업","45.1992655794362","OK","81"
"2025-04-11","ALL","모멘텀(12-1)","A003960","사조대림","20.5374955991081","OK","82"
"2025-04-11","ALL","모멘텀(12-1)","A004000","롯데정밀화학","-8.84478906558024","OK","83"
"2025-04-11","ALL","모멘텀(12-1)","A004020","현대제철","-10.6693763495491","OK","84"
"2025-04-11","ALL","모멘텀(12-1)","A004170","신세계","-2.89111935413484","OK","85"
"2025-04-11","ALL","모멘텀(12-1)","A004370","농심","4.44154802486464","OK","86"
"2025-04-11","ALL","모멘텀(12-1)","A004430","송원산업","-11.5392714255633","OK","87"
"2025-04-11","ALL","모멘텀(12-1)","A004490","세방전지","-20.8730502599653","OK","88"
"2025-04-11","ALL","모멘텀(12-1)","A004690","삼천리","0","OK","89"
"2025-04-11","ALL","모멘텀(12-1)","A004700","조광피혁","7.06304459251666","OK","90"
"2025-04-11","ALL","모멘텀(12-1)","A004800","효성","8.98163284931243","OK","91"
"2025-04-11","ALL","모멘텀(12-1)","A004990","롯데지주","-11.1086023933168","OK","92"
"2025-04-11","ALL","모멘텀(12-1)","A005010","휴스틸","41.7418159357628","OK","93"
"2025-04-11","ALL","모멘텀(12-1)","A005070","코스모신소재","-67.2523554876496","OK","94"
"2025-04-11","ALL","모멘텀(12-1)","A005090","SGC에너지","4.54784161327592","OK","95"
"2025-04-11","ALL","모멘텀(12-1)","A005180","빙그레","55.6343737332793","OK","96"
"2025-04-11","ALL","모멘텀(12-1)","A005250","녹십자홀딩스","-11.8610960390667","OK","97"
"2025-04-11","ALL","모멘텀(12-1)","A005290","동진쎄미켐","-41.3945101182128","OK","98"
"2025-04-11","ALL","모멘텀(12-1)","A005300","롯데칠성","-15.563801278087","OK","99"
"2025-04-11","ALL","모멘텀(12-1)","A005380","현대차","-18.8429752066116","OK","100"
"2025-04-11","ALL","모멘텀(12-1)","A005420","코스모화학","-43.3284096504185","OK","101"
"2025-04-11","ALL","모멘텀(12-1)","A005440","현대지에프홀딩스","20.4517069109076","OK","102"
"2025-04-11","ALL","모멘텀(12-1)","A005490","POSCO홀딩스","-25.8720930232558","OK","103"
"2025-04-11","ALL","모멘텀(12-1)","A005610","삼립","-7.7816690868711","OK","104"
"2025-04-11","ALL","모멘텀(12-1)","A005690","파미셀","102.323353293413","OK","105"
"2025-04-11","ALL","모멘텀(12-1)","A005810","풍산홀딩스","-9.8085609808561","OK","106"
"2025-04-11","ALL","모멘텀(12-1)","A005830","DB손해보험","-1.99529200762247","OK","107"
"2025-04-11","ALL","모멘텀(12-1)","A005850","에스엘","-.158194473739698","OK","108"
"2025-04-11","ALL","모멘텀(12-1)","A005880","대한해운","-8.06526806526807","OK","109"
"2025-04-11","ALL","모멘텀(12-1)","A005930","삼성전자","-36.2656568598893","OK","110"
"2025-04-11","ALL","모멘텀(12-1)","A005940","NH투자증권","28.999773704458","OK","111"
"2025-04-11","ALL","모멘텀(12-1)","A006040","동원산업","8.59796285200719","OK","112"
"2025-04-11","ALL","모멘텀(12-1)","A006060","화승인더","36.3957597173145","OK","113"
"2025-04-11","ALL","모멘텀(12-1)","A006110","삼아알미늄","-63.2246827569047","OK","114"
"2025-04-11","ALL","모멘텀(12-1)","A006120","SK디스커버리","-15.0372304419302","OK","115"
"2025-04-11","ALL","모멘텀(12-1)","A006260","LS","-11.0567079141814","OK","116"
"2025-04-11","ALL","모멘텀(12-1)","A006280","녹십자","12.9270144235983","OK","117"
"2025-04-11","ALL","모멘텀(12-1)","A006360","GS건설","22.9963620328519","OK","118"
"2025-04-11","ALL","모멘텀(12-1)","A006380","카프로","0","OK","119"
"2025-04-11","ALL","모멘텀(12-1)","A006400","삼성SDI","-48.7182474947565","OK","120"
"2025-04-11","ALL","모멘텀(12-1)","A006650","대한유화","-33.3757666936697","OK","121"
"2025-04-11","ALL","모멘텀(12-1)","A006730","서부T&D","-25.0323222277474","OK","122"
"2025-04-11","ALL","모멘텀(12-1)","A006800","미래에셋증권","17.9597557313044","OK","123"
"2025-04-11","ALL","모멘텀(12-1)","A007070","GS리테일","-10.8686440677966","OK","124"
"2025-04-11","ALL","모멘텀(12-1)","A007310","오뚜기",".511945392491469","OK","125"
"2025-04-11","ALL","모멘텀(12-1)","A007340","DN오토모티브","32.4840107282855","OK","126"
"2025-04-11","ALL","모멘텀(12-1)","A007390","네이처셀","84.7430751697141","OK","127"
"2025-04-11","ALL","모멘텀(12-1)","A007660","이수페타시스","-9.40180716001372","OK","128"
"2025-04-11","ALL","모멘텀(12-1)","A007690","국도화학","-11.0265752250321","OK","129"
"2025-04-11","ALL","모멘텀(12-1)","A007700","F&F홀딩스","-11.5089514066496","OK","130"
"2025-04-11","ALL","모멘텀(12-1)","A008730","율촌화학","-24.309559939302","OK","131"
"2025-04-11","ALL","모멘텀(12-1)","A008770","호텔신라","-33.8425972459544","OK","132"
"2025-04-11","ALL","모멘텀(12-1)","A008930","한미사이언스","-23.1006259027443","OK","133"
"2025-04-11","ALL","모멘텀(12-1)","A009150","삼성전기","-13.2334293948127","OK","134"
"2025-04-11","ALL","모멘텀(12-1)","A009240","한샘","-4.6376162204548","OK","135"
"2025-04-11","ALL","모멘텀(12-1)","A009290","광동제약","-18.8640535579311","OK","136"
"2025-04-11","ALL","모멘텀(12-1)","A009410","태영건설","-46.4889149330989","OK","137"
"2025-04-11","ALL","모멘텀(12-1)","A009420","한올바이오파마","9.11854103343464","OK","138"
"2025-04-11","ALL","모멘텀(12-1)","A009450","경동나비엔","45.6981175655388","OK","139"
"2025-04-11","ALL","모멘텀(12-1)","A009520","포스코엠텍","-28.4823783265404","OK","140"
"2025-04-11","ALL","모멘텀(12-1)","A009540","HD한국조선해양","86.5966221523959","OK","141"
"2025-04-11","ALL","모멘텀(12-1)","A009680","모토닉","15.0015031566289","OK","142"
"2025-04-11","ALL","모멘텀(12-1)","A009830","한화솔루션","-25.2271829316476","OK","143"
"2025-04-11","ALL","모멘텀(12-1)","A009900","명신산업","-41.8281231427553","OK","144"
"2025-04-11","ALL","모멘텀(12-1)","A009970","영원무역홀딩스","6.13649970065855","OK","145"
"2025-04-11","ALL","모멘텀(12-1)","A010060","OCI홀딩스","-10.3056881207275","OK","146"
"2025-04-11","ALL","모멘텀(12-1)","A010120","LS ELECTRIC","60.7896027464443","OK","147"
"2025-04-11","ALL","모멘텀(12-1)","A010130","고려아연","79.0176914511939","OK","148"
"2025-04-11","ALL","모멘텀(12-1)","A010140","삼성중공업","67.2943022457586","OK","149"
"2025-04-11","ALL","모멘텀(12-1)","A010780","아이에스동서","-33.0282452514516","OK","150"
"2025-04-11","ALL","모멘텀(12-1)","A010950","S-Oil","-27.2010207632525","OK","151"
"2025-04-11","ALL","모멘텀(12-1)","A011070","LG이노텍","-12.4735992048702","OK","152"
"2025-04-11","ALL","모멘텀(12-1)","A011170","롯데케미칼","-33.6834113627736","OK","153"
"2025-04-11","ALL","모멘텀(12-1)","A011200","HMM","36.2186537615486","OK","154"
"2025-04-11","ALL","모멘텀(12-1)","A011210","현대위아","-23.355408388521","OK","155"
"2025-04-11","ALL","모멘텀(12-1)","A011760","현대코퍼레이션","49.7104945717732","OK","156"
"2025-04-11","ALL","모멘텀(12-1)","A011780","금호석유화학","-6.40208877284594","OK","157"
"2025-04-11","ALL","모멘텀(12-1)","A011790","SKC","-6.68332292317301","OK","158"
"2025-04-11","ALL","모멘텀(12-1)","A012330","현대모비스","-1.19500846023688","OK","159"
"2025-04-11","ALL","모멘텀(12-1)","A012450","한화에어로스페이스","206.248912097476","OK","160"
"2025-04-11","ALL","모멘텀(12-1)","A012510","더존비즈온","19.443133553563","OK","161"
"2025-04-11","ALL","모멘텀(12-1)","A012630","HDC","74.780526735834","OK","162"
"2025-04-11","ALL","모멘텀(12-1)","A012750","에스원","-2.64888220928047","OK","163"
"2025-04-11","ALL","모멘텀(12-1)","A013030","하이록코리아","15.2350905760228","OK","164"
"2025-04-11","ALL","모멘텀(12-1)","A013890","지누스","50.9028459273798","OK","165"
"2025-04-11","ALL","모멘텀(12-1)","A014620","성광벤드","149.544994944388","OK","166"
"2025-04-11","ALL","모멘텀(12-1)","A014680","한솔케미칼","-36.5870229872042","OK","167"
"2025-04-11","ALL","모멘텀(12-1)","A014820","동원시스템즈","-10.4193410355156","OK","168"
"2025-04-11","ALL","모멘텀(12-1)","A014830","유니드","-8.34015554645929","OK","169"
"2025-04-11","ALL","모멘텀(12-1)","A015360","INVENI","26.1140542224992","OK","170"
"2025-04-11","ALL","모멘텀(12-1)","A015750","성우하이텍","-43.9958805355304","OK","171"
"2025-04-11","ALL","모멘텀(12-1)","A015760","한국전력","4.46943483275662","OK","172"
"2025-04-11","ALL","모멘텀(12-1)","A016360","삼성증권","18.9621775920073","OK","173"
"2025-04-11","ALL","모멘텀(12-1)","A016380","KG스틸","-2.16729575063923","OK","174"
"2025-04-11","ALL","모멘텀(12-1)","A016590","신대양제지","5.7870570908776","OK","175"
"2025-04-11","ALL","모멘텀(12-1)","A016800","퍼시스","18.4321185422507","OK","176"
"2025-04-11","ALL","모멘텀(12-1)","A017670","SK텔레콤","8.59082857705175","OK","177"
"2025-04-11","ALL","모멘텀(12-1)","A017800","현대엘리베이터","33.6637018212622","OK","178"
"2025-04-11","ALL","모멘텀(12-1)","A017810","풀무원","59.3016255267911","OK","179"
"2025-04-11","ALL","모멘텀(12-1)","A017860","DS단석","-39.7931348033644","OK","180"
"2025-04-11","ALL","모멘텀(12-1)","A017940","E1","-10.3248499896545","OK","181"
"2025-04-11","ALL","모멘텀(12-1)","A017960","한국카본","45.8716336074827","OK","182"
"2025-04-11","ALL","모멘텀(12-1)","A018250","애경산업","-26.466532300838","OK","183"
"2025-04-11","ALL","모멘텀(12-1)","A018260","삼성에스디에스","-21.5724563206577","OK","184"
"2025-04-11","ALL","모멘텀(12-1)","A018290","브이티","66.8269230769231","OK","185"
"2025-04-11","ALL","모멘텀(12-1)","A018310","삼목에스폼","-1.20300751879699","OK","186"
"2025-04-11","ALL","모멘텀(12-1)","A018670","SK가스","46.88154874763","OK","187"
"2025-04-11","ALL","모멘텀(12-1)","A018880","한온시스템","-28.0870761916677","OK","188"
"2025-04-11","ALL","모멘텀(12-1)","A019170","신풍제약","-38.1110095934217","OK","189"
"2025-04-11","ALL","모멘텀(12-1)","A020000","한섬","-17.5920835623969","OK","190"
"2025-04-11","ALL","모멘텀(12-1)","A020150","롯데에너지머티리얼즈","-41.9577874818049","OK","191"
"2025-04-11","ALL","모멘텀(12-1)","A020560","아시아나항공","-2.20431912274812","OK","192"
"2025-04-11","ALL","모멘텀(12-1)","A021240","코웨이","42.7524797114518","OK","193"
"2025-04-11","ALL","모멘텀(12-1)","A022100","포스코DX","-40.8554266777133","OK","194"
"2025-04-11","ALL","모멘텀(12-1)","A023160","태광","100","OK","195"
"2025-04-11","ALL","모멘텀(12-1)","A023530","롯데쇼핑","-4.25759520753103","OK","196"
"2025-04-11","ALL","모멘텀(12-1)","A023590","다우기술","11.9704102219233","OK","197"
"2025-04-11","ALL","모멘텀(12-1)","A024110","기업은행","18.5501776198934","OK","198"
"2025-04-11","ALL","모멘텀(12-1)","A024720","콜마홀딩스","-10.6148669317834","OK","199"
"2025-04-11","ALL","모멘텀(12-1)","A024850","HLB이노베이션","-50.1050809741624","OK","200"
"2025-04-11","ALL","모멘텀(12-1)","A025320","시노펙스","-22.7214377406932","OK","201"
"2025-04-11","ALL","모멘텀(12-1)","A025540","한국단자","8.92508143322475","OK","202"
"2025-04-11","ALL","모멘텀(12-1)","A025770","한국정보통신","-15.0176856998484","OK","203"
"2025-04-11","ALL","모멘텀(12-1)","A025860","남해화학","-10.3113833588566","OK","204"
"2025-04-11","ALL","모멘텀(12-1)","A025900","동화기업","-56.9208078057636","OK","205"
"2025-04-11","ALL","모멘텀(12-1)","A025950","동신건설","142.001640689089","OK","206"
"2025-04-11","ALL","모멘텀(12-1)","A025980","아난티","-9.92420236206593","OK","207"
"2025-04-11","ALL","모멘텀(12-1)","A026890","스틱인베스트먼트","-9.94084449581833","OK","208"
"2025-04-11","ALL","모멘텀(12-1)","A026960","동서","41.6913632514818","OK","209"
"2025-04-11","ALL","모멘텀(12-1)","A027410","BGF","-6.40418393526743","OK","210"
"2025-04-11","ALL","모멘텀(12-1)","A028050","삼성E&A","-26.5995823049174","OK","211"
"2025-04-11","ALL","모멘텀(12-1)","A028260","삼성물산","-18.9152612950239","OK","212"
"2025-04-11","ALL","모멘텀(12-1)","A028300","HLB","-13.2542779945962","OK","213"
"2025-04-11","ALL","모멘텀(12-1)","A028670","팬오션","-4.72431527329266","OK","214"
"2025-04-11","ALL","모멘텀(12-1)","A029530","신도리코","2.40473189178707","OK","215"
"2025-04-11","ALL","모멘텀(12-1)","A029780","삼성카드","20.6294085729788","OK","216"
"2025-04-11","ALL","모멘텀(12-1)","A030000","제일기획","-8.17","OK","217"
"2025-04-11","ALL","모멘텀(12-1)","A030190","NICE평가정보","17.9292929292929","OK","218"
"2025-04-11","ALL","모멘텀(12-1)","A030200","KT","34.3241614782085","OK","219"
"2025-04-11","ALL","모멘텀(12-1)","A030520","한컴","-5.50818386748996","OK","220"
"2025-04-11","ALL","모멘텀(12-1)","A030530","원익홀딩스","30.1351992409867","OK","221"
"2025-04-11","ALL","모멘텀(12-1)","A030610","교보증권","35.9142758382302","OK","222"
"2025-04-11","ALL","모멘텀(12-1)","A031210","서울보증보험","0","OK","223"
"2025-04-11","ALL","모멘텀(12-1)","A031330","에스에이엠티","-18.0654485392794","OK","224"
"2025-04-11","ALL","모멘텀(12-1)","A031430","신세계인터내셔날","-40.3501094091904","OK","225"
"2025-04-11","ALL","모멘텀(12-1)","A031980","피에스케이홀딩스","-10.9073149555025","OK","226"
"2025-04-11","ALL","모멘텀(12-1)","A032190","다우데이타","-5.39368887992741","OK","227"
"2025-04-11","ALL","모멘텀(12-1)","A032350","롯데관광개발","-19.5732090020622","OK","228"
"2025-04-11","ALL","모멘텀(12-1)","A032500","케이엠더블유","-53.6469617249562","OK","229"
"2025-04-11","ALL","모멘텀(12-1)","A032640","LG유플러스","8.51188157382157","OK","230"
"2025-04-11","ALL","모멘텀(12-1)","A032820","우리기술","46.8823463562073","OK","231"
"2025-04-11","ALL","모멘텀(12-1)","A032830","삼성생명","-2.2389666307858","OK","232"
"2025-04-11","ALL","모멘텀(12-1)","A033100","제룡전기","-28.4598750600673","OK","233"
"2025-04-11","ALL","모멘텀(12-1)","A033270","유나이티드제약","-16.3158929976397","OK","234"
"2025-04-11","ALL","모멘텀(12-1)","A033500","동성화인텍","95.0095100081515","OK","235"
"2025-04-11","ALL","모멘텀(12-1)","A033780","KT&G","6.07272727272728","OK","236"
"2025-04-11","ALL","모멘텀(12-1)","A034020","두산에너빌리티","68.9704116169887","OK","237"
"2025-04-11","ALL","모멘텀(12-1)","A034120","SBS","-14.92133726647","OK","238"
"2025-04-11","ALL","모멘텀(12-1)","A034220","LG디스플레이","-9.45069941999319","OK","239"
"2025-04-11","ALL","모멘텀(12-1)","A034230","파라다이스","-25.0167865707434","OK","240"
"2025-04-11","ALL","모멘텀(12-1)","A034310","NICE","-8.91204934595341","OK","241"
"2025-04-11","ALL","모멘텀(12-1)","A034730","SK","-15.7446325116438","OK","242"
"2025-04-11","ALL","모멘텀(12-1)","A034950","한국기업평가","7.35444330949949","OK","243"
"2025-04-11","ALL","모멘텀(12-1)","A035150","백산","11.5190009688879","OK","244"
"2025-04-11","ALL","모멘텀(12-1)","A035250","강원랜드","11.0463197271427","OK","245"
"2025-04-11","ALL","모멘텀(12-1)","A035420","NAVER","15.7338597306085","OK","246"
"2025-04-11","ALL","모멘텀(12-1)","A035720","카카오","-8.22026232473993","OK","247"
"2025-04-11","ALL","모멘텀(12-1)","A035760","CJ ENM","-26.2519409937888","OK","248"
"2025-04-11","ALL","모멘텀(12-1)","A035890","서희건설","8.9504728021721","OK","249"
"2025-04-11","ALL","모멘텀(12-1)","A035900","JYP Ent.","7.1597074781788","OK","250"
"2025-04-11","ALL","모멘텀(12-1)","A036460","한국가스공사","42.8359945014275","OK","251"
"2025-04-11","ALL","모멘텀(12-1)","A036530","SNT홀딩스","27.2520518144962","OK","252"
"2025-04-11","ALL","모멘텀(12-1)","A036540","SFA반도체","-49.3377120963328","OK","253"
"2025-04-11","ALL","모멘텀(12-1)","A036570","NC","-10.4065399911622","OK","254"
"2025-04-11","ALL","모멘텀(12-1)","A036620","감성코퍼레이션","-1.44142489900845","OK","255"
"2025-04-11","ALL","모멘텀(12-1)","A036810","에프에스티","-29.6181172291297","OK","256"
"2025-04-11","ALL","모멘텀(12-1)","A036830","솔브레인홀딩스","-43.8079470198676","OK","257"
"2025-04-11","ALL","모멘텀(12-1)","A036930","주성엔지니어링","-10.4133118625872","OK","258"
"2025-04-11","ALL","모멘텀(12-1)","A037270","YG PLUS","23.0754027077774","OK","259"
"2025-04-11","ALL","모멘텀(12-1)","A038500","삼표시멘트","7.06126687435098","OK","260"
"2025-04-11","ALL","모멘텀(12-1)","A039030","이오테크닉스","-51.1704650922966","OK","261"
"2025-04-11","ALL","모멘텀(12-1)","A039130","하나투어",".356731875719234","OK","262"
"2025-04-11","ALL","모멘텀(12-1)","A039200","오스코텍","19.1550158179406","OK","263"
"2025-04-11","ALL","모멘텀(12-1)","A039440","에스티아이","-43.8372438372438","OK","264"
"2025-04-11","ALL","모멘텀(12-1)","A039490","키움증권","-3.79216425728053","OK","265"
"2025-04-11","ALL","모멘텀(12-1)","A041190","우리기술투자","-28.9746373235962","OK","266"
"2025-04-11","ALL","모멘텀(12-1)","A041510","에스엠","24.2631004366812","OK","267"
"2025-04-11","ALL","모멘텀(12-1)","A041830","인바디","-15.5681358673676","OK","268"
"2025-04-11","ALL","모멘텀(12-1)","A041960","코미팜","-2.24928876244665","OK","269"
"2025-04-11","ALL","모멘텀(12-1)","A042000","카페24","237.651356993737","OK","270"
"2025-04-11","ALL","모멘텀(12-1)","A042660","한화오션","198.271183033471","OK","271"
"2025-04-11","ALL","모멘텀(12-1)","A042700","한미반도체","-39.2405063291139","OK","272"
"2025-04-11","ALL","모멘텀(12-1)","A043150","바텍","-31.3443208895949","OK","273"
"2025-04-11","ALL","모멘텀(12-1)","A044490","태웅","-24.6044230591283","OK","274"
"2025-04-11","ALL","모멘텀(12-1)","A045100","한양이엔지","-12.8590828371461","OK","275"
"2025-04-11","ALL","모멘텀(12-1)","A045660","에이텍","126.243874858651","OK","276"
"2025-04-11","ALL","모멘텀(12-1)","A046890","서울반도체","-33.8414006179197","OK","277"
"2025-04-11","ALL","모멘텀(12-1)","A047040","대우건설","-7.2895387592732","OK","278"
"2025-04-11","ALL","모멘텀(12-1)","A047050","포스코인터내셔널","23.7876581924068","OK","279"
"2025-04-11","ALL","모멘텀(12-1)","A047810","한국항공우주","71.1939636040834","OK","280"
"2025-04-11","ALL","모멘텀(12-1)","A047920","HLB제약","-10.9332179431703","OK","281"
"2025-04-11","ALL","모멘텀(12-1)","A048410","현대바이오","-38.33972160581","OK","282"
"2025-04-11","ALL","모멘텀(12-1)","A050890","쏠리드","14.7939872391046","OK","283"
"2025-04-11","ALL","모멘텀(12-1)","A051500","CJ프레시웨이","-10.0366506907245","OK","284"
"2025-04-11","ALL","모멘텀(12-1)","A051600","한전KPS","19.2742353551063","OK","285"
"2025-04-11","ALL","모멘텀(12-1)","A051900","LG생활건강","-8.49612403100775","OK","286"
"2025-04-11","ALL","모멘텀(12-1)","A051910","LG화학","-38.4979048028366","OK","287"
"2025-04-11","ALL","모멘텀(12-1)","A051980","중앙첨단소재","-19.2468159859464","OK","288"
"2025-04-11","ALL","모멘텀(12-1)","A052020","에스티큐브","88.7959644232046","OK","289"
"2025-04-11","ALL","모멘텀(12-1)","A052400","코나아이","41.3232424762017","OK","290"
"2025-04-11","ALL","모멘텀(12-1)","A052690","한전기술","7.34131466004067","OK","291"
"2025-04-11","ALL","모멘텀(12-1)","A053030","바이넥스","27.3182711198428","OK","292"
"2025-04-11","ALL","모멘텀(12-1)","A053800","안랩","12.1893690506276","OK","293"
"2025-04-11","ALL","모멘텀(12-1)","A055550","신한지주","4.41233893010542","OK","294"
"2025-04-11","ALL","모멘텀(12-1)","A056080","유진로봇","-6.89925081068992","OK","295"
"2025-04-11","ALL","모멘텀(12-1)","A056190","SFA","-25.3443526170799","OK","296"
"2025-04-11","ALL","모멘텀(12-1)","A057050","현대홈쇼핑","-15.6397606801721","OK","297"
"2025-04-11","ALL","모멘텀(12-1)","A058470","리노공업","-24.6143527833669","OK","298"
"2025-04-11","ALL","모멘텀(12-1)","A058610","에스피지","-10.5530474040632","OK","299"
"2025-04-11","ALL","모멘텀(12-1)","A058650","세아홀딩스","-10.3287809812848","OK","300"
"2025-04-11","ALL","모멘텀(12-1)","A058820","CMG제약","-14.3461434614346","OK","301"
"2025-04-11","ALL","모멘텀(12-1)","A058970","엠로","-11.9879450831566","OK","302"
"2025-04-11","ALL","모멘텀(12-1)","A059090","미코","-23.0344440284538","OK","303"
"2025-04-11","ALL","모멘텀(12-1)","A060250","NHN KCP","-29.110455311973","OK","304"
"2025-04-11","ALL","모멘텀(12-1)","A060280","큐렉소","-33.5761929194459","OK","305"
"2025-04-11","ALL","모멘텀(12-1)","A060370","LS마린솔루션","47.5896685140646","OK","306"
"2025-04-11","ALL","모멘텀(12-1)","A060980","HL홀딩스","13.580767608604","OK","307"
"2025-04-11","ALL","모멘텀(12-1)","A062040","산일전기","18.4413123297406","OK","308"
"2025-04-11","ALL","모멘텀(12-1)","A064350","현대로템","120.313065508505","OK","309"
"2025-04-11","ALL","모멘텀(12-1)","A064400","LG씨엔에스","3.89610389610388","OK","310"
"2025-04-11","ALL","모멘텀(12-1)","A064550","바이오니아","-45.5223202109283","OK","311"
"2025-04-11","ALL","모멘텀(12-1)","A064760","티씨케이","-36.8715083798883","OK","312"
"2025-04-11","ALL","모멘텀(12-1)","A064960","SNT모티브","-3.08441558441559","OK","313"
"2025-04-11","ALL","모멘텀(12-1)","A065350","신성델타테크","-23.6863662960796","OK","314"
"2025-04-11","ALL","모멘텀(12-1)","A065500","오리엔트정공","459.16482992792","OK","315"
"2025-04-11","ALL","모멘텀(12-1)","A066570","LG전자","-15.1427538850741","OK","316"
"2025-04-11","ALL","모멘텀(12-1)","A066970","엘앤에프","-52.3559522247014","OK","317"
"2025-04-11","ALL","모멘텀(12-1)","A067160","SOOP","-24.1940532081377","OK","318"
"2025-04-11","ALL","모멘텀(12-1)","A067310","하나마이크론","-59.7814315250566","OK","319"
"2025-04-11","ALL","모멘텀(12-1)","A067630","HLB생명과학","-37.9796017484216","OK","320"
"2025-04-11","ALL","모멘텀(12-1)","A068240","다원시스","-24.2431823867901","OK","321"
"2025-04-11","ALL","모멘텀(12-1)","A068270","셀트리온","6.97859744990892","OK","322"
"2025-04-11","ALL","모멘텀(12-1)","A068760","셀트리온제약","-41.8586358017755","OK","323"
"2025-04-11","ALL","모멘텀(12-1)","A069080","웹젠","-21.3376710362645","OK","324"
"2025-04-11","ALL","모멘텀(12-1)","A069260","TKG휴켐스","-16.4641234280883","OK","325"
"2025-04-11","ALL","모멘텀(12-1)","A069620","대웅제약","7.46227709190673","OK","326"
"2025-04-11","ALL","모멘텀(12-1)","A069960","현대백화점","18.7406934694746","OK","327"
"2025-04-11","ALL","모멘텀(12-1)","A071050","한국금융지주","15.6697009102731","OK","328"
"2025-04-11","ALL","모멘텀(12-1)","A071320","지역난방공사","29.4619289340101","OK","329"
"2025-04-11","ALL","모멘텀(12-1)","A071970","HD현대마린엔진","139.417640407086","OK","330"
"2025-04-11","ALL","모멘텀(12-1)","A072710","농심홀딩스",".772394422710391","OK","331"
"2025-04-11","ALL","모멘텀(12-1)","A073240","금호타이어","-24.7279807582179","OK","332"
"2025-04-11","ALL","모멘텀(12-1)","A074600","원익QnC","-47.2917326575863","OK","333"
"2025-04-11","ALL","모멘텀(12-1)","A075580","세진중공업","13.1002191671648","OK","334"
"2025-04-11","ALL","모멘텀(12-1)","A077970","STX엔진","110.544836791652","OK","335"
"2025-04-11","ALL","모멘텀(12-1)","A078130","국일제지","0","OK","336"
"2025-04-11","ALL","모멘텀(12-1)","A078160","메디포스트","20.7165266673414","OK","337"
"2025-04-11","ALL","모멘텀(12-1)","A078340","컴투스","5.70321747551921","OK","338"
"2025-04-11","ALL","모멘텀(12-1)","A078600","대주전자재료","14.6483909415971","OK","339"
"2025-04-11","ALL","모멘텀(12-1)","A078930","GS","-24.6635399673736","OK","340"
"2025-04-11","ALL","모멘텀(12-1)","A079160","CJ CGV","-11.5255376344086","OK","341"
"2025-04-11","ALL","모멘텀(12-1)","A079370","제우스","-13.807958281374","OK","342"
"2025-04-11","ALL","모멘텀(12-1)","A079550","LIG디펜스앤에어로스페이스","85.912108033875","OK","343"
"2025-04-11","ALL","모멘텀(12-1)","A079900","전진건설로봇","35.0621285791464","OK","344"
"2025-04-11","ALL","모멘텀(12-1)","A080220","제주반도체","-42.0480813684697","OK","345"
"2025-04-11","ALL","모멘텀(12-1)","A081660","미스토홀딩스","-2.48680470970362","OK","346"
"2025-04-11","ALL","모멘텀(12-1)","A082270","젬백스","262.673942701228","OK","347"
"2025-04-11","ALL","모멘텀(12-1)","A082640","동양생명","-2.81460134486071","OK","348"
"2025-04-11","ALL","모멘텀(12-1)","A082740","한화엔진","163.713389121339","OK","349"
"2025-04-11","ALL","모멘텀(12-1)","A082800","비보존 제약","126.737297789929","OK","350"
"2025-04-11","ALL","모멘텀(12-1)","A082920","비츠로셀","51.0702702702703","OK","351"
"2025-04-11","ALL","모멘텀(12-1)","A083450","GST","-10.5698977106673","OK","352"
"2025-04-11","ALL","모멘텀(12-1)","A083650","비에이치아이","141.253095058672","OK","353"
"2025-04-11","ALL","모멘텀(12-1)","A084010","대한제강","17.6090468497577","OK","354"
"2025-04-11","ALL","모멘텀(12-1)","A084110","휴온스글로벌","86.3302077587792","OK","355"
"2025-04-11","ALL","모멘텀(12-1)","A084370","유진테크","-19.3529684601113","OK","356"
"2025-04-11","ALL","모멘텀(12-1)","A084690","대상홀딩스","33.3705802538112","OK","357"
"2025-04-11","ALL","모멘텀(12-1)","A085620","미래에셋생명","-7.93606542142923","OK","358"
"2025-04-11","ALL","모멘텀(12-1)","A085660","차바이오텍","-32.4270244821092","OK","359"
"2025-04-11","ALL","모멘텀(12-1)","A086280","현대글로비스","39.8890686387798","OK","360"
"2025-04-11","ALL","모멘텀(12-1)","A086450","동국제약","-5.61187916026627","OK","361"
"2025-04-11","ALL","모멘텀(12-1)","A086520","에코프로","-42.5266292520903","OK","362"
"2025-04-11","ALL","모멘텀(12-1)","A086790","하나금융지주","1.37974952239439","OK","363"
"2025-04-11","ALL","모멘텀(12-1)","A086900","메디톡스","-8.38855665104251","OK","364"
"2025-04-11","ALL","모멘텀(12-1)","A087010","펩트론","257.046802202457","OK","365"
"2025-04-11","ALL","모멘텀(12-1)","A088350","한화생명","-6.0694545833768","OK","366"
"2025-04-11","ALL","모멘텀(12-1)","A089010","켐트로닉스","-5.08677438659485","OK","367"
"2025-04-11","ALL","모멘텀(12-1)","A089030","테크윙","-12.2752776823543","OK","368"
"2025-04-11","ALL","모멘텀(12-1)","A089590","제주항공","-37.291689658978","OK","369"
"2025-04-11","ALL","모멘텀(12-1)","A089860","롯데렌탈","5.62574236043622","OK","370"
"2025-04-11","ALL","모멘텀(12-1)","A090430","아모레퍼시픽","-11.4662239286085","OK","371"
"2025-04-11","ALL","모멘텀(12-1)","A090460","비에이치","-12.1549031855091","OK","372"
"2025-04-11","ALL","모멘텀(12-1)","A091700","파트론","-12.9356772685703","OK","373"
"2025-04-11","ALL","모멘텀(12-1)","A091810","트리니티항공","-13.3704061895551","OK","374"
"2025-04-11","ALL","모멘텀(12-1)","A092790","넥스틸","130.308836789901","OK","375"
"2025-04-11","ALL","모멘텀(12-1)","A093050","LF","1.61030595813205","OK","376"
"2025-04-11","ALL","모멘텀(12-1)","A093320","케이아이엔엑스","-18.5219657483246","OK","377"
"2025-04-11","ALL","모멘텀(12-1)","A093370","후성","-44.9923273657289","OK","378"
"2025-04-11","ALL","모멘텀(12-1)","A094170","동운아나텍","20.0021267545725","OK","379"
"2025-04-11","ALL","모멘텀(12-1)","A094360","칩스앤미디어","-34.1972325938941","OK","380"
"2025-04-11","ALL","모멘텀(12-1)","A094480","갤럭시아머니트리","9.86119144013881","OK","381"
"2025-04-11","ALL","모멘텀(12-1)","A095340","ISC","-37.8068140188057","OK","382"
"2025-04-11","ALL","모멘텀(12-1)","A095610","테스","-4.77231329690345","OK","383"
"2025-04-11","ALL","모멘텀(12-1)","A095660","네오위즈","3.42658019552802","OK","384"
"2025-04-11","ALL","모멘텀(12-1)","A096530","씨젠","9.41773725652715","OK","385"
"2025-04-11","ALL","모멘텀(12-1)","A096770","SK이노베이션","21.5055248618784","OK","386"
"2025-04-11","ALL","모멘텀(12-1)","A097230","HJ중공업","180.79593740284","OK","387"
"2025-04-11","ALL","모멘텀(12-1)","A097520","엠씨넥스","-.813356164383549","OK","388"
"2025-04-11","ALL","모멘텀(12-1)","A097950","CJ제일제당","-18.4169626998224","OK","389"
"2025-04-11","ALL","모멘텀(12-1)","A098070","한텍","0","OK","390"
"2025-04-11","ALL","모멘텀(12-1)","A098460","고영","-7.31386162317452","OK","391"
"2025-04-11","ALL","모멘텀(12-1)","A099190","아이센스","-19.5609650076071","OK","392"
"2025-04-11","ALL","모멘텀(12-1)","A099320","쎄트렉아이","33.4063950489943","OK","393"
"2025-04-11","ALL","모멘텀(12-1)","A099430","바이오플러스","3.58651607897234","OK","394"
"2025-04-11","ALL","모멘텀(12-1)","A100090","SK오션플랜트","9.67317394165386","OK","395"
"2025-04-11","ALL","모멘텀(12-1)","A100840","SNT에너지","185.108102646999","OK","396"
"2025-04-11","ALL","모멘텀(12-1)","A101160","월덱스","-34.1120570184122","OK","397"
"2025-04-11","ALL","모멘텀(12-1)","A101360","에코앤드림","-39.2376461341979","OK","398"
"2025-04-11","ALL","모멘텀(12-1)","A101490","에스앤에스텍","-39.9791132630779","OK","399"
"2025-04-11","ALL","모멘텀(12-1)","A101730","위메이드맥스","-28.3583788706739","OK","400"
"2025-04-11","ALL","모멘텀(12-1)","A101930","인화정공","165.148497705429","OK","401"
"2025-04-11","ALL","모멘텀(12-1)","A102710","이엔에프테크놀로지","-10.5501066098081","OK","402"
"2025-04-11","ALL","모멘텀(12-1)","A102940","코오롱생명과학","56.9898025041952","OK","403"
"2025-04-11","ALL","모멘텀(12-1)","A103140","풍산","9.91152558584409","OK","404"
"2025-04-11","ALL","모멘텀(12-1)","A103590","일진전기","32.9980842911877","OK","405"
"2025-04-11","ALL","모멘텀(12-1)","A104700","한국철강","-24.8581157775255","OK","406"
"2025-04-11","ALL","모멘텀(12-1)","A105560","KB금융","13.3182379580074","OK","407"
"2025-04-11","ALL","모멘텀(12-1)","A105630","한세실업","-38.4606508192938","OK","408"
"2025-04-11","ALL","모멘텀(12-1)","A108320","LX세미콘","-23.9438254410399","OK","409"
"2025-04-11","ALL","모멘텀(12-1)","A108490","로보티즈","50.2211923319992","OK","410"
"2025-04-11","ALL","모멘텀(12-1)","A108860","셀바스AI","-23.5131941709334","OK","411"
"2025-04-11","ALL","모멘텀(12-1)","A111770","영원무역","23.2531619324072","OK","412"
"2025-04-11","ALL","모멘텀(12-1)","A112040","위메이드","-42.0757363253857","OK","413"
"2025-04-11","ALL","모멘텀(12-1)","A112610","씨에스윈드","-37.0636657288736","OK","414"
"2025-04-11","ALL","모멘텀(12-1)","A114090","GKL","-17.3753026634382","OK","415"
"2025-04-11","ALL","모멘텀(12-1)","A114840","아이패밀리에스씨","-12.4515712440809","OK","416"
"2025-04-11","ALL","모멘텀(12-1)","A115450","HLB테라퓨틱스","-28.0816420135306","OK","417"
"2025-04-11","ALL","모멘텀(12-1)","A119610","인터로조","0","OK","418"
"2025-04-11","ALL","모멘텀(12-1)","A120110","코오롱인더","-9.62757984549754","OK","419"
"2025-04-11","ALL","모멘텀(12-1)","A121600","나노신소재","-40.912112750964","OK","420"
"2025-04-11","ALL","모멘텀(12-1)","A121800","비덴트","0","OK","421"
"2025-04-11","ALL","모멘텀(12-1)","A122870","와이지엔터테인먼트","43.9002221773379","OK","422"
"2025-04-11","ALL","모멘텀(12-1)","A122900","아이마켓코리아","-4.72015495973088","OK","423"
"2025-04-11","ALL","모멘텀(12-1)","A123890","한국자산신탁","-16.8066246792629","OK","424"
"2025-04-11","ALL","모멘텀(12-1)","A126560","현대퓨처넷","-7.38465396188566","OK","425"
"2025-04-11","ALL","모멘텀(12-1)","A128940","한미약품","-22.040365498544","OK","426"
"2025-04-11","ALL","모멘텀(12-1)","A130660","한전산업","54.8568950563747","OK","427"
"2025-04-11","ALL","모멘텀(12-1)","A131290","티에스이","-27.5835700240332","OK","428"
"2025-04-11","ALL","모멘텀(12-1)","A131970","두산테스나","-41.3286302175191","OK","429"
"2025-04-11","ALL","모멘텀(12-1)","A136480","하림","2.67674703718841","OK","430"
"2025-04-11","ALL","모멘텀(12-1)","A137310","에스디바이오센서","-9.91000877963126","OK","431"
"2025-04-11","ALL","모멘텀(12-1)","A137400","피엔티","5.31090949325073","OK","432"
"2025-04-11","ALL","모멘텀(12-1)","A138040","메리츠금융지주","46.3510221374854","OK","433"
"2025-04-11","ALL","모멘텀(12-1)","A138930","BNK금융지주","35.2941176470588","OK","434"
"2025-04-11","ALL","모멘텀(12-1)","A139130","iM금융지주","7.25198412698414","OK","435"
"2025-04-11","ALL","모멘텀(12-1)","A139480","이마트","30.6240928882438","OK","436"
"2025-04-11","ALL","모멘텀(12-1)","A140410","메지온","-25.1599488163788","OK","437"
"2025-04-11","ALL","모멘텀(12-1)","A140860","파크시스템스","12.562236690923","OK","438"
"2025-04-11","ALL","모멘텀(12-1)","A141080","리가켐바이오","72.1492946708464","OK","439"
"2025-04-11","ALL","모멘텀(12-1)","A144510","지씨셀","-39.7638753651412","OK","440"
"2025-04-11","ALL","모멘텀(12-1)","A145020","휴젤","70.2846116739025","OK","441"
"2025-04-11","ALL","모멘텀(12-1)","A145720","덴티움","-52.2825008269931","OK","442"
"2025-04-11","ALL","모멘텀(12-1)","A145990","삼양사","-8.406068162926","OK","443"
"2025-04-11","ALL","모멘텀(12-1)","A160190","하이젠알앤엠","4.58063166701525","OK","444"
"2025-04-11","ALL","모멘텀(12-1)","A161000","애경케미칼","-41.2454774695757","OK","445"
"2025-04-11","ALL","모멘텀(12-1)","A161390","한국타이어앤테크놀로지","-35.8722358722359","OK","446"
"2025-04-11","ALL","모멘텀(12-1)","A161580","필옵틱스","65.1435670900055","OK","447"
"2025-04-11","ALL","모멘텀(12-1)","A161890","한국콜마","26.4139486467731","OK","448"
"2025-04-11","ALL","모멘텀(12-1)","A166090","하나머티리얼즈","-50.5103125664469","OK","449"
"2025-04-11","ALL","모멘텀(12-1)","A170900","동아에스티","-31.665453032352","OK","450"
"2025-04-11","ALL","모멘텀(12-1)","A171090","선익시스템","14.6766447001005","OK","451"
"2025-04-11","ALL","모멘텀(12-1)","A175330","JB금융지주","36.1216730038023","OK","452"
"2025-04-11","ALL","모멘텀(12-1)","A176750","듀켐바이오","46.9964989865488","OK","453"
"2025-04-11","ALL","모멘텀(12-1)","A178320","서진시스템","-15.3068181818182","OK","454"
"2025-04-11","ALL","모멘텀(12-1)","A178920","PI첨단소재","-5.2984022556391","OK","455"
"2025-04-11","ALL","모멘텀(12-1)","A179900","유티아이","-21.9184539241103","OK","456"
"2025-04-11","ALL","모멘텀(12-1)","A180640","한진칼","32.9536124794746","OK","457"
"2025-04-11","ALL","모멘텀(12-1)","A181710","NHN","-17.0089285714286","OK","458"
"2025-04-11","ALL","모멘텀(12-1)","A183190","아세아시멘트","3.80551851471947","OK","459"
"2025-04-11","ALL","모멘텀(12-1)","A183300","코미코","-49.0096693699314","OK","460"
"2025-04-11","ALL","모멘텀(12-1)","A185750","종근당","-19.6028771147807","OK","461"
"2025-04-11","ALL","모멘텀(12-1)","A189300","인텔리안테크","-27.747054580428","OK","462"
"2025-04-11","ALL","모멘텀(12-1)","A192080","더블유게임즈","16.6233991000346","OK","463"
"2025-04-11","ALL","모멘텀(12-1)","A192400","쿠쿠홀딩스","24.7207103981667","OK","464"
"2025-04-11","ALL","모멘텀(12-1)","A192650","드림텍","-27.1066108007449","OK","465"
"2025-04-11","ALL","모멘텀(12-1)","A192820","코스맥스","39.2554991539763","OK","466"
"2025-04-11","ALL","모멘텀(12-1)","A194480","데브시스터즈","-25.7371154614463","OK","467"
"2025-04-11","ALL","모멘텀(12-1)","A195870","해성디에스","-48.2032073042257","OK","468"
"2025-04-11","ALL","모멘텀(12-1)","A195940","HK이노엔","1.54649733715691","OK","469"
"2025-04-11","ALL","모멘텀(12-1)","A196170","알테오젠","113.248369887374","OK","470"
"2025-04-11","ALL","모멘텀(12-1)","A200130","콜마비앤에이치","-16.7649798199317","OK","471"
"2025-04-11","ALL","모멘텀(12-1)","A200670","휴메딕스","15.7117008443908","OK","472"
"2025-04-11","ALL","모멘텀(12-1)","A200880","서연이화","-30.7184241019699","OK","473"
"2025-04-11","ALL","모멘텀(12-1)","A204270","제이앤티씨","-7.50709964193111","OK","474"
"2025-04-11","ALL","모멘텀(12-1)","A204320","HL만도","25.8504221954162","OK","475"
"2025-04-11","ALL","모멘텀(12-1)","A204620","글로벌텍스프리","-21.0236886632826","OK","476"
"2025-04-11","ALL","모멘텀(12-1)","A206640","바디텍메드","4.06815951467571","OK","477"
"2025-04-11","ALL","모멘텀(12-1)","A206650","유바이오로직스","-1.33116883116884","OK","478"
"2025-04-11","ALL","모멘텀(12-1)","A207940","삼성바이오로직스","34.3382728666326","OK","479"
"2025-04-11","ALL","모멘텀(12-1)","A211050","인카금융서비스","30.3865517535626","OK","480"
"2025-04-11","ALL","모멘텀(12-1)","A213420","덕산네오룩스","-19.9285288862418","OK","481"
"2025-04-11","ALL","모멘텀(12-1)","A214150","클래시스","59.4088098918083","OK","482"
"2025-04-11","ALL","모멘텀(12-1)","A214320","이노션","-14.8216415483031","OK","483"
"2025-04-11","ALL","모멘텀(12-1)","A214370","케어젠","17.7830637488106","OK","484"
"2025-04-11","ALL","모멘텀(12-1)","A214430","아이쓰리시스템","41.7000707380335","OK","485"
"2025-04-11","ALL","모멘텀(12-1)","A214450","파마리서치","157.279610129667","OK","486"
"2025-04-11","ALL","모멘텀(12-1)","A215000","골프존","-27.1991816998326","OK","487"
"2025-04-11","ALL","모멘텀(12-1)","A215200","메가스터디교육","-28.463705667882","OK","488"
"2025-04-11","ALL","모멘텀(12-1)","A215600","신라젠","-45.4738832427322","OK","489"
"2025-04-11","ALL","모멘텀(12-1)","A216080","제테마","-12.7034537514887","OK","490"
"2025-04-11","ALL","모멘텀(12-1)","A217270","넵튠","19.6948544076585","OK","491"
"2025-04-11","ALL","모멘텀(12-1)","A218410","RFHIC",".872664700098326","OK","492"
"2025-04-11","ALL","모멘텀(12-1)","A220100","퓨쳐켐","142.898671096346","OK","493"
"2025-04-11","ALL","모멘텀(12-1)","A222080","SFA넥셀","-34.1421667337898","OK","494"
"2025-04-11","ALL","모멘텀(12-1)","A222800","심텍","-39.2167101827676","OK","495"
"2025-04-11","ALL","모멘텀(12-1)","A225570","넥슨게임즈","-8.14717477003943","OK","496"
"2025-04-11","ALL","모멘텀(12-1)","A226950","올릭스","206.051069951448","OK","497"
"2025-04-11","ALL","모멘텀(12-1)","A228760","지노믹트리","-20.0451863938747","OK","498"
"2025-04-11","ALL","모멘텀(12-1)","A229640","LS에코에너지","94.15787643445","OK","499"
"2025-04-11","ALL","모멘텀(12-1)","A230240","에치에프알","","BLANK","500"
"2025-04-11","ALL","모멘텀(12-1)","A232140","와이씨","58.5442735695864","OK","501"
"2025-04-11","ALL","모멘텀(12-1)","A237690","에스티팜","-8.71701020997881","OK","502"
"2025-04-11","ALL","모멘텀(12-1)","A237880","클리오","-25.448739125647","OK","503"
"2025-04-11","ALL","모멘텀(12-1)","A240810","원익IPS","-37.435603892387","OK","504"
"2025-04-11","ALL","모멘텀(12-1)","A241560","두산밥캣","-1.75902506323294","OK","505"
"2025-04-11","ALL","모멘텀(12-1)","A241590","화승엔터프라이즈","11.0455764075067","OK","506"
"2025-04-11","ALL","모멘텀(12-1)","A241710","코스메카코리아","17.5287356321839","OK","507"
"2025-04-11","ALL","모멘텀(12-1)","A243070","휴온스","-28.4283353985956","OK","508"
"2025-04-11","ALL","모멘텀(12-1)","A247540","에코프로비엠","-50.2076165618697","OK","509"
"2025-04-11","ALL","모멘텀(12-1)","A248070","솔루엠","-34.2694063926941","OK","510"
"2025-04-11","ALL","모멘텀(12-1)","A249420","일동제약","-27.1677451468392","OK","511"
"2025-04-11","ALL","모멘텀(12-1)","A251270","넷마블","-29.6499656829101","OK","512"
"2025-04-11","ALL","모멘텀(12-1)","A251970","펌텍코리아","79.4047619047619","OK","513"
"2025-04-11","ALL","모멘텀(12-1)","A253450","스튜디오드래곤","12.7048763106994","OK","514"
"2025-04-11","ALL","모멘텀(12-1)","A253590","네오셈","-9.5205401075638","OK","515"
"2025-04-11","ALL","모멘텀(12-1)","A257720","실리콘투","93.5061883127056","OK","516"
"2025-04-11","ALL","모멘텀(12-1)","A259960","크래프톤","39.7944199706314","OK","517"
"2025-04-11","ALL","모멘텀(12-1)","A263750","펄어비스","9.20132141469101","OK","518"
"2025-04-11","ALL","모멘텀(12-1)","A267250","HD현대","7.89636663914122","OK","519"
"2025-04-11","ALL","모멘텀(12-1)","A267260","HD현대일렉트릭","42.2467849930917","OK","520"
"2025-04-11","ALL","모멘텀(12-1)","A267270","HD건설기계","37.332005973121","OK","521"
"2025-04-11","ALL","모멘텀(12-1)","A267980","매일유업","-12.1377854538476","OK","522"
"2025-04-11","ALL","모멘텀(12-1)","A268280","미원에스씨","2.80474649406688","OK","523"
"2025-04-11","ALL","모멘텀(12-1)","A271560","오리온","13.1616595135908","OK","524"
"2025-04-11","ALL","모멘텀(12-1)","A271940","일진하이솔루스","-37.020340846619","OK","525"
"2025-04-11","ALL","모멘텀(12-1)","A272210","한화시스템","123.650878126663","OK","526"
"2025-04-11","ALL","모멘텀(12-1)","A272290","이녹스첨단소재","-10.3414870428675","OK","527"
"2025-04-11","ALL","모멘텀(12-1)","A272450","진에어","-30.0011583458821","OK","528"
"2025-04-11","ALL","모멘텀(12-1)","A277810","레인보우로보틱스","73.9959386281588","OK","529"
"2025-04-11","ALL","모멘텀(12-1)","A278280","천보","-53.4610361340879","OK","530"
"2025-04-11","ALL","모멘텀(12-1)","A278470","에이피알","39.4021739130435","OK","531"
"2025-04-11","ALL","모멘텀(12-1)","A280360","롯데웰푸드","-6.81605975723623","OK","532"
"2025-04-11","ALL","모멘텀(12-1)","A281740","레이크머티리얼즈","-39.9581128747795","OK","533"
"2025-04-11","ALL","모멘텀(12-1)","A281820","케이씨텍","-12.4588869885542","OK","534"
"2025-04-11","ALL","모멘텀(12-1)","A282330","BGF리테일","-13.2576525440908","OK","535"
"2025-04-11","ALL","모멘텀(12-1)","A284740","쿠쿠홈시스","-2.762598664238","OK","536"
"2025-04-11","ALL","모멘텀(12-1)","A285130","SK케미칼","-29.1533072081701","OK","537"
"2025-04-11","ALL","모멘텀(12-1)","A288330","파라택시스코리아","28.0556600225649","OK","538"
"2025-04-11","ALL","모멘텀(12-1)","A290650","엘앤씨바이오","7.5518207282913","OK","539"
"2025-04-11","ALL","모멘텀(12-1)","A293490","카카오게임즈","-27.0680147058823","OK","540"
"2025-04-11","ALL","모멘텀(12-1)","A294570","쿠콘",".375392630046733","OK","541"
"2025-04-11","ALL","모멘텀(12-1)","A294870","IPARK현대산업개발","21.2998148689467","OK","542"
"2025-04-11","ALL","모멘텀(12-1)","A298020","효성티앤씨","-26.2081572032446","OK","543"
"2025-04-11","ALL","모멘텀(12-1)","A298040","효성중공업","33.4432909673038","OK","544"
"2025-04-11","ALL","모멘텀(12-1)","A298050","HS효성첨단소재","-43.737054398779","OK","545"
"2025-04-11","ALL","모멘텀(12-1)","A298380","에이비엘바이오","78.1491907107671","OK","546"
"2025-04-11","ALL","모멘텀(12-1)","A300720","한일시멘트","31.2211153332649","OK","547"
"2025-04-11","ALL","모멘텀(12-1)","A302440","SK바이오사이언스","-31.9102066505822","OK","548"
"2025-04-11","ALL","모멘텀(12-1)","A304100","솔트룩스","-5.28362809128936","OK","549"
"2025-04-11","ALL","모멘텀(12-1)","A304360","에스바이오메딕스","53.4127246664461","OK","550"
"2025-04-11","ALL","모멘텀(12-1)","A306200","세아제강","44.6124960884531","OK","551"
"2025-04-11","ALL","모멘텀(12-1)","A307950","현대오토에버","-13.9438312752705","OK","552"
"2025-04-11","ALL","모멘텀(12-1)","A310210","보로노이","361.657268938465","OK","553"
"2025-04-11","ALL","모멘텀(12-1)","A314930","바이오다인","43.5396089498085","OK","554"
"2025-04-11","ALL","모멘텀(12-1)","A316140","우리금융지주","16.0507501762159","OK","555"
"2025-04-11","ALL","모멘텀(12-1)","A317330","덕산테코피아","-33.9035577042271","OK","556"
"2025-04-11","ALL","모멘텀(12-1)","A319400","현대무벡스","18.1307661452066","OK","557"
"2025-04-11","ALL","모멘텀(12-1)","A319660","피에스케이","-44.4499308710251","OK","558"
"2025-04-11","ALL","모멘텀(12-1)","A322000","HD현대에너지솔루션","1.18612236829098","OK","559"
"2025-04-11","ALL","모멘텀(12-1)","A323280","태성","745.702845702845","OK","560"
"2025-04-11","ALL","모멘텀(12-1)","A323410","카카오뱅크","-13.7605618347416","OK","561"
"2025-04-11","ALL","모멘텀(12-1)","A326030","SK바이오팜","19.5573854863613","OK","562"
"2025-04-11","ALL","모멘텀(12-1)","A328130","루닛","-3.14718660591289","OK","563"
"2025-04-11","ALL","모멘텀(12-1)","A329180","HD현대중공업","159.819334665161","OK","564"
"2025-04-11","ALL","모멘텀(12-1)","A334970","프레스티지바이오로직스","-2.13442791174961","OK","565"
"2025-04-11","ALL","모멘텀(12-1)","A336260","두산퓨얼셀","-17.634335154827","OK","566"
"2025-04-11","ALL","모멘텀(12-1)","A336370","솔루스첨단소재","-53.5696940262263","OK","567"
"2025-04-11","ALL","모멘텀(12-1)","A336570","원텍","-35.6384799726121","OK","568"
"2025-04-11","ALL","모멘텀(12-1)","A339770","교촌에프앤비","45.9531311539976","OK","569"
"2025-04-11","ALL","모멘텀(12-1)","A340570","티앤엘","29.5452136117884","OK","570"
"2025-04-11","ALL","모멘텀(12-1)","A344820","KCC글라스","-21.1069805865345","OK","571"
"2025-04-11","ALL","모멘텀(12-1)","A347850","디앤디파마텍","3.72368011617053","OK","572"
"2025-04-11","ALL","모멘텀(12-1)","A348210","넥스틴","-22.2751856265469","OK","573"
"2025-04-11","ALL","모멘텀(12-1)","A348370","엔켐","-76.5247053959066","OK","574"
"2025-04-11","ALL","모멘텀(12-1)","A352480","씨앤씨인터내셔널","-57.7700932620769","OK","575"
"2025-04-11","ALL","모멘텀(12-1)","A352820","하이브","9.46937919463086","OK","576"
"2025-04-11","ALL","모멘텀(12-1)","A353200","대덕전자","-33.2945826551965","OK","577"
"2025-04-11","ALL","모멘텀(12-1)","A357780","솔브레인","-31.4795976037075","OK","578"
"2025-04-11","ALL","모멘텀(12-1)","A358570","지아이이노베이션","33.8273396206861","OK","579"
"2025-04-11","ALL","모멘텀(12-1)","A361610","SK아이이테크놀로지","-60.91540857896","OK","580"
"2025-04-11","ALL","모멘텀(12-1)","A365340","성일하이텍","-55.5187763953887","OK","581"
"2025-04-11","ALL","모멘텀(12-1)","A372320","큐로셀","-6.99815837937385","OK","582"
"2025-04-11","ALL","모멘텀(12-1)","A373220","LG에너지솔루션","-10.2652708608599","OK","583"
"2025-04-11","ALL","모멘텀(12-1)","A375500","DL이앤씨","26.1043285238624","OK","584"
"2025-04-11","ALL","모멘텀(12-1)","A376300","디어유","44.0630397236615","OK","585"
"2025-04-11","ALL","모멘텀(12-1)","A377300","카카오페이","-13.2376739669867","OK","586"
"2025-04-11","ALL","모멘텀(12-1)","A377740","바이오노트","18.0843076263006","OK","587"
"2025-04-11","ALL","모멘텀(12-1)","A378340","필에너지","-38.0803619519552","OK","588"
"2025-04-11","ALL","모멘텀(12-1)","A381970","케이카","-1.1730751326692","OK","589"
"2025-04-11","ALL","모멘텀(12-1)","A383220","F&F","6.45469758546497","OK","590"
"2025-04-11","ALL","모멘텀(12-1)","A383310","에코프로에이치엔","-59.9159385023781","OK","591"
"2025-04-11","ALL","모멘텀(12-1)","A383800","LX홀딩스","-4.38428874734609","OK","592"
"2025-04-11","ALL","모멘텀(12-1)","A388720","유일로보틱스","116.859490274983","OK","593"
"2025-04-11","ALL","모멘텀(12-1)","A389650","넥스트바이오메디컬","17.357117709189","OK","594"
"2025-04-11","ALL","모멘텀(12-1)","A397030","에이프릴바이오","19.6443899448191","OK","595"
"2025-04-11","ALL","모멘텀(12-1)","A399720","가온칩스","-55.9063893016345","OK","596"
"2025-04-11","ALL","모멘텀(12-1)","A402030","코난테크놀로지","-17.5305247836986","OK","597"
"2025-04-11","ALL","모멘텀(12-1)","A402340","SK스퀘어","19.9711459192086","OK","598"
"2025-04-11","ALL","모멘텀(12-1)","A403550","쏘카","-27.4347739494125","OK","599"
"2025-04-11","ALL","모멘텀(12-1)","A403870","HPSP","-41.25","OK","600"
"2025-04-11","ALL","모멘텀(12-1)","A417200","LS머트리얼즈","-55.1603683709114","OK","601"
"2025-04-11","ALL","모멘텀(12-1)","A418550","제이오","-56.8566493955095","OK","602"
"2025-04-11","ALL","모멘텀(12-1)","A420770","기가비스","-62.9280096793708","OK","603"
"2025-04-11","ALL","모멘텀(12-1)","A437730","삼현","10.6931689520694","OK","604"
"2025-04-11","ALL","모멘텀(12-1)","A439090","마녀공장","3.26755781879906","OK","605"
"2025-04-11","ALL","모멘텀(12-1)","A440110","파두","-19.4742792538157","OK","606"
"2025-04-11","ALL","모멘텀(12-1)","A443060","HD현대마린솔루션","-11.738746690203","OK","607"
"2025-04-11","ALL","모멘텀(12-1)","A445090","에이직랜드","-40.0773649044661","OK","608"
"2025-04-11","ALL","모멘텀(12-1)","A445680","큐리옥스바이오시스템즈","-39.5390070921986","OK","609"
"2025-04-11","ALL","모멘텀(12-1)","A450080","에코프로머티","-37.8282759559124","OK","610"
"2025-04-11","ALL","모멘텀(12-1)","A450950","아스테라시스","-.793650793650784","OK","611"
"2025-04-11","ALL","모멘텀(12-1)","A452450","피아이이","37.2872048325096","OK","612"
"2025-04-11","ALL","모멘텀(12-1)","A453340","현대그린푸드","15.1570157923398","OK","613"
"2025-04-11","ALL","모멘텀(12-1)","A454910","두산로보틱스","-14.4636678200692","OK","614"
"2025-04-11","ALL","모멘텀(12-1)","A455900","엔젤로보틱스","-45.8518345407806","OK","615"
"2025-04-11","ALL","모멘텀(12-1)","A456040","OCI","-29.3772812741953","OK","616"
"2025-04-11","ALL","모멘텀(12-1)","A457190","이수스페셜티케미컬","-20.1800267607347","OK","617"
"2025-04-11","ALL","모멘텀(12-1)","A460860","동국제강","-16.0943965999329","OK","618"
"2025-04-11","ALL","모멘텀(12-1)","A460930","현대힘스","-9.37441468439783","OK","619"
"2025-04-11","ALL","모멘텀(12-1)","A462870","시프트업","17.9662616491683","OK","620"
"2025-04-11","ALL","모멘텀(12-1)","A466100","클로봇","17.6470588235294","OK","621"
"2025-04-11","ALL","모멘텀(12-1)","A475150","SK이터닉스","-17.1510145814214","OK","622"
"2025-04-11","ALL","모멘텀(12-1)","A475560","더본코리아","4.01497815685458","OK","623"
"2025-04-11","ALL","모멘텀(12-1)","A475830","오름테라퓨틱",".532823967025237","OK","624"
"2025-04-11","ALL","모멘텀(12-1)","A484810","티엑스알로보틱스","0","OK","625"
"2025-04-11","ALL","모멘텀(12-1)","A484870","엠앤씨솔루션","-2.16221504745133","OK","626"
"2025-04-11","ALL","모멘텀(12-1)","A489790","한화비전","-10.2736653207717","OK","627"
"2025-04-11","ALL","모멘텀(12-1)","A499790","GS피앤엘","10.265740434447","OK","628"
"2025-04-11","ALL","모멘텀(12-1)","A900140","엘브이엠씨홀딩스","-41.8965687728666","OK","629"
"2025-04-11","ALL","모멘텀(12-1)","A950160","코오롱티슈진","269.71073613944","OK","630"
"2025-04-11","ALL","모멘텀(12-1)","A950170","JTC","7.27125833165016","OK","631"
"2025-04-11","ALL","모멘텀(12-1)","A950210","프레스티지바이오파마","63.3623453962437","OK","632"
