Date,Universe,Factor,StockCode,StockName,FactorValue,ValueStatus,SourceRow
"2016-11-15","ALL","단기모멘텀","A000050","경방","-14.39","OK","14"
"2016-11-15","ALL","단기모멘텀","A000070","삼양홀딩스","1.92","OK","15"
"2016-11-15","ALL","단기모멘텀","A000080","하이트진로","-2.08","OK","16"
"2016-11-15","ALL","단기모멘텀","A000100","유한양행","-15.11","OK","17"
"2016-11-15","ALL","단기모멘텀","A000120","CJ대한통운","-11.29","OK","18"
"2016-11-15","ALL","단기모멘텀","A000140","하이트진로홀딩스",".78","OK","19"
"2016-11-15","ALL","단기모멘텀","A000150","두산","11.5","OK","20"
"2016-11-15","ALL","단기모멘텀","A000210","DL","-5.76","OK","21"
"2016-11-15","ALL","단기모멘텀","A000240","한국앤컴퍼니","-6.77","OK","22"
"2016-11-15","ALL","단기모멘텀","A000270","기아","-10.64","OK","23"
"2016-11-15","ALL","단기모멘텀","A000370","한화손해보험","17.04","OK","24"
"2016-11-15","ALL","단기모멘텀","A000400","롯데손해보험","-3.96","OK","25"
"2016-11-15","ALL","단기모멘텀","A000430","대원강업","-4.02","OK","26"
"2016-11-15","ALL","단기모멘텀","A000480","CR홀딩스",".22","OK","27"
"2016-11-15","ALL","단기모멘텀","A000640","동아쏘시오홀딩스","-11.28","OK","28"
"2016-11-15","ALL","단기모멘텀","A000660","SK하이닉스","-4.45","OK","29"
"2016-11-15","ALL","단기모멘텀","A000670","영풍","7.65","OK","30"
"2016-11-15","ALL","단기모멘텀","A000720","현대건설","6.15","OK","31"
"2016-11-15","ALL","단기모멘텀","A000810","삼성화재","4.81","OK","32"
"2016-11-15","ALL","단기모멘텀","A000880","한화","-.68","OK","33"
"2016-11-15","ALL","단기모멘텀","A000990","DB하이텍","-7","OK","34"
"2016-11-15","ALL","단기모멘텀","A001040","CJ","-6.11","OK","35"
"2016-11-15","ALL","단기모멘텀","A001060","JW중외제약","-14.72","OK","36"
"2016-11-15","ALL","단기모멘텀","A001120","LX인터내셔널","-3.11","OK","37"
"2016-11-15","ALL","단기모멘텀","A001130","대한제분","-.83","OK","38"
"2016-11-15","ALL","단기모멘텀","A001230","동국홀딩스","24.53","OK","39"
"2016-11-15","ALL","단기모멘텀","A001430","세아베스틸지주","2.25","OK","40"
"2016-11-15","ALL","단기모멘텀","A001440","대한전선","-4.49","OK","41"
"2016-11-15","ALL","단기모멘텀","A001450","현대해상","0","OK","42"
"2016-11-15","ALL","단기모멘텀","A001460","BYC","-5.89","OK","43"
"2016-11-15","ALL","단기모멘텀","A001500","현대차증권","-4.51","OK","44"
"2016-11-15","ALL","단기모멘텀","A001510","SK증권","-7.46","OK","45"
"2016-11-15","ALL","단기모멘텀","A001520","동양","-.61","OK","46"
"2016-11-15","ALL","단기모멘텀","A001630","종근당홀딩스","-2.94","OK","47"
"2016-11-15","ALL","단기모멘텀","A001680","대상","-.7","OK","48"
"2016-11-15","ALL","단기모멘텀","A001720","신영증권","-1.39","OK","49"
"2016-11-15","ALL","단기모멘텀","A001740","SK네트웍스","1.76","OK","50"
"2016-11-15","ALL","단기모멘텀","A001780","알루코","-13.56","OK","51"
"2016-11-15","ALL","단기모멘텀","A001800","오리온홀딩스","-9.36","OK","52"
"2016-11-15","ALL","단기모멘텀","A002020","코오롱","11.16","OK","53"
"2016-11-15","ALL","단기모멘텀","A002240","고려제강","7.27","OK","54"
"2016-11-15","ALL","단기모멘텀","A002320","한진","-8.97","OK","55"
"2016-11-15","ALL","단기모멘텀","A002350","넥센타이어","-7.02","OK","56"
"2016-11-15","ALL","단기모멘텀","A002380","KCC","-7.15","OK","57"
"2016-11-15","ALL","단기모멘텀","A002390","한독","-1.92","OK","58"
"2016-11-15","ALL","단기모멘텀","A002620","제일파마홀딩스","-42.51","OK","59"
"2016-11-15","ALL","단기모멘텀","A002630","오리엔트바이오","-23.31","OK","60"
"2016-11-15","ALL","단기모멘텀","A002780","진흥기업","-8.8","OK","61"
"2016-11-15","ALL","단기모멘텀","A002790","아모레퍼시픽홀딩스","-10.03","OK","62"
"2016-11-15","ALL","단기모멘텀","A002810","삼영무역","3.1","OK","63"
"2016-11-15","ALL","단기모멘텀","A002960","한국쉘석유","1.13","OK","64"
"2016-11-15","ALL","단기모멘텀","A002990","금호건설","-4.17","OK","65"
"2016-11-15","ALL","단기모멘텀","A003000","부광약품","-6.34","OK","66"
"2016-11-15","ALL","단기모멘텀","A003030","세아제강지주","17.99","OK","67"
"2016-11-15","ALL","단기모멘텀","A003060","에이프로젠바이오로직스","-11.65","OK","68"
"2016-11-15","ALL","단기모멘텀","A003090","대웅","-1.1","OK","69"
"2016-11-15","ALL","단기모멘텀","A003120","일성아이에스","-1.32","OK","70"
"2016-11-15","ALL","단기모멘텀","A003200","일신방직","3.73","OK","71"
"2016-11-15","ALL","단기모멘텀","A003220","대원제약","3.26","OK","72"
"2016-11-15","ALL","단기모멘텀","A003230","삼양식품","7.91","OK","73"
"2016-11-15","ALL","단기모멘텀","A003240","태광산업","11.33","OK","74"
"2016-11-15","ALL","단기모멘텀","A003300","한일홀딩스","-4.59","OK","75"
"2016-11-15","ALL","단기모멘텀","A003470","유안타증권","-3.79","OK","76"
"2016-11-15","ALL","단기모멘텀","A003490","대한항공","-5.94","OK","77"
"2016-11-15","ALL","단기모멘텀","A003520","영진약품","-11.15","OK","78"
"2016-11-15","ALL","단기모멘텀","A003530","한화투자증권","-4.58","OK","79"
"2016-11-15","ALL","단기모멘텀","A003540","대신증권","2.36","OK","80"
"2016-11-15","ALL","단기모멘텀","A003550","LG","-4.75","OK","81"
"2016-11-15","ALL","단기모멘텀","A003570","SNT다이내믹스","-.52","OK","82"
"2016-11-15","ALL","단기모멘텀","A003620","KG모빌리티","-6.5","OK","83"
"2016-11-15","ALL","단기모멘텀","A003670","포스코퓨처엠","-5.86","OK","84"
"2016-11-15","ALL","단기모멘텀","A003690","코리안리",".86","OK","85"
"2016-11-15","ALL","단기모멘텀","A003800","에이스침대","1.64","OK","86"
"2016-11-15","ALL","단기모멘텀","A003850","보령","-6.57","OK","87"
"2016-11-15","ALL","단기모멘텀","A003920","남양유업","7.53","OK","88"
"2016-11-15","ALL","단기모멘텀","A004000","롯데정밀화학","-5.1","OK","89"
"2016-11-15","ALL","단기모멘텀","A004020","현대제철","3.79","OK","90"
"2016-11-15","ALL","단기모멘텀","A004150","한솔홀딩스","-7.66","OK","91"
"2016-11-15","ALL","단기모멘텀","A004170","신세계","-3.8","OK","92"
"2016-11-15","ALL","단기모멘텀","A004360","세방","-2.58","OK","93"
"2016-11-15","ALL","단기모멘텀","A004370","농심","16.67","OK","94"
"2016-11-15","ALL","단기모멘텀","A004430","송원산업","-17.18","OK","95"
"2016-11-15","ALL","단기모멘텀","A004440","삼일씨엔에스","-1.97","OK","96"
"2016-11-15","ALL","단기모멘텀","A004490","세방전지","3.96","OK","97"
"2016-11-15","ALL","단기모멘텀","A004690","삼천리","-2.67","OK","98"
"2016-11-15","ALL","단기모멘텀","A004700","조광피혁","8.93","OK","99"
"2016-11-15","ALL","단기모멘텀","A004710","한솔테크닉스","3.31","OK","100"
"2016-11-15","ALL","단기모멘텀","A004800","효성","4.85","OK","101"
"2016-11-15","ALL","단기모멘텀","A004990","롯데지주","9.83","OK","102"
"2016-11-15","ALL","단기모멘텀","A005090","SGC에너지","-12.36","OK","103"
"2016-11-15","ALL","단기모멘텀","A005180","빙그레","2.38","OK","104"
"2016-11-15","ALL","단기모멘텀","A005250","녹십자홀딩스","-8.11","OK","105"
"2016-11-15","ALL","단기모멘텀","A005290","동진쎄미켐","-11.79","OK","106"
"2016-11-15","ALL","단기모멘텀","A005300","롯데칠성","-1.59","OK","107"
"2016-11-15","ALL","단기모멘텀","A005380","현대차","-1.88","OK","108"
"2016-11-15","ALL","단기모멘텀","A005440","현대지에프홀딩스","-5.52","OK","109"
"2016-11-15","ALL","단기모멘텀","A005490","POSCO홀딩스","9.96","OK","110"
"2016-11-15","ALL","단기모멘텀","A005500","삼진제약","3.79","OK","111"
"2016-11-15","ALL","단기모멘텀","A005610","삼립","-7.99","OK","112"
"2016-11-15","ALL","단기모멘텀","A005690","파미셀","1.4","OK","113"
"2016-11-15","ALL","단기모멘텀","A005720","넥센","-2.59","OK","114"
"2016-11-15","ALL","단기모멘텀","A005740","크라운해태홀딩스","-6.77","OK","115"
"2016-11-15","ALL","단기모멘텀","A005810","풍산홀딩스","10.65","OK","116"
"2016-11-15","ALL","단기모멘텀","A005830","DB손해보험","8.16","OK","117"
"2016-11-15","ALL","단기모멘텀","A005850","에스엘","2.19","OK","118"
"2016-11-15","ALL","단기모멘텀","A005880","대한해운","-20.96","OK","119"
"2016-11-15","ALL","단기모멘텀","A005930","삼성전자","-2.41","OK","120"
"2016-11-15","ALL","단기모멘텀","A005940","NH투자증권","1.96","OK","121"
"2016-11-15","ALL","단기모멘텀","A005990","매일홀딩스","18.13","OK","122"
"2016-11-15","ALL","단기모멘텀","A006040","동원산업","4.69","OK","123"
"2016-11-15","ALL","단기모멘텀","A006060","화승인더","-14.25","OK","124"
"2016-11-15","ALL","단기모멘텀","A006120","SK디스커버리","-2.86","OK","125"
"2016-11-15","ALL","단기모멘텀","A006260","LS","3.58","OK","126"
"2016-11-15","ALL","단기모멘텀","A006280","녹십자","2.56","OK","127"
"2016-11-15","ALL","단기모멘텀","A006360","GS건설","-12.33","OK","128"
"2016-11-15","ALL","단기모멘텀","A006400","삼성SDI",".85","OK","129"
"2016-11-15","ALL","단기모멘텀","A006650","대한유화","10.17","OK","130"
"2016-11-15","ALL","단기모멘텀","A006730","서부T&D","-2.55","OK","131"
"2016-11-15","ALL","단기모멘텀","A006800","미래에셋증권","-1.25","OK","132"
"2016-11-15","ALL","단기모멘텀","A006840","AK홀딩스","-1.65","OK","133"
"2016-11-15","ALL","단기모멘텀","A007070","GS리테일","1.52","OK","134"
"2016-11-15","ALL","단기모멘텀","A007160","사조산업","4.6","OK","135"
"2016-11-15","ALL","단기모멘텀","A007210","벽산",".79","OK","136"
"2016-11-15","ALL","단기모멘텀","A007310","오뚜기",".84","OK","137"
"2016-11-15","ALL","단기모멘텀","A007340","DN오토모티브","-.2","OK","138"
"2016-11-15","ALL","단기모멘텀","A007570","일양약품","-12.26","OK","139"
"2016-11-15","ALL","단기모멘텀","A007690","국도화학","5.13","OK","140"
"2016-11-15","ALL","단기모멘텀","A007700","F&F홀딩스","-.3","OK","141"
"2016-11-15","ALL","단기모멘텀","A008060","대덕","4.09","OK","142"
"2016-11-15","ALL","단기모멘텀","A008490","서흥","-5.35","OK","143"
"2016-11-15","ALL","단기모멘텀","A008730","율촌화학","-1.44","OK","144"
"2016-11-15","ALL","단기모멘텀","A008770","호텔신라","-11.87","OK","145"
"2016-11-15","ALL","단기모멘텀","A008930","한미사이언스","-9.13","OK","146"
"2016-11-15","ALL","단기모멘텀","A009150","삼성전기","4.94","OK","147"
"2016-11-15","ALL","단기모멘텀","A009240","한샘","2.28","OK","148"
"2016-11-15","ALL","단기모멘텀","A009290","광동제약","-2.25","OK","149"
"2016-11-15","ALL","단기모멘텀","A009410","태영건설",".2","OK","150"
"2016-11-15","ALL","단기모멘텀","A009420","한올바이오파마","-16.61","OK","151"
"2016-11-15","ALL","단기모멘텀","A009450","경동나비엔","-13.45","OK","152"
"2016-11-15","ALL","단기모멘텀","A009540","HD한국조선해양","-.34","OK","153"
"2016-11-15","ALL","단기모멘텀","A009580","무림P&P","-1.44","OK","154"
"2016-11-15","ALL","단기모멘텀","A009680","모토닉",".65","OK","155"
"2016-11-15","ALL","단기모멘텀","A009830","한화솔루션","-6.75","OK","156"
"2016-11-15","ALL","단기모멘텀","A009970","영원무역홀딩스","-6.48","OK","157"
"2016-11-15","ALL","단기모멘텀","A010060","OCI홀딩스","-15.52","OK","158"
"2016-11-15","ALL","단기모멘텀","A010120","LS ELECTRIC","-4.09","OK","159"
"2016-11-15","ALL","단기모멘텀","A010130","고려아연","5.98","OK","160"
"2016-11-15","ALL","단기모멘텀","A010140","삼성중공업","-8.56","OK","161"
"2016-11-15","ALL","단기모멘텀","A010780","아이에스동서","-17.12","OK","162"
"2016-11-15","ALL","단기모멘텀","A010950","S-Oil","3.68","OK","163"
"2016-11-15","ALL","단기모멘텀","A011070","LG이노텍","-2.78","OK","164"
"2016-11-15","ALL","단기모멘텀","A011170","롯데케미칼","5.46","OK","165"
"2016-11-15","ALL","단기모멘텀","A011200","HMM","-14.63","OK","166"
"2016-11-15","ALL","단기모멘텀","A011210","현대위아","-14.49","OK","167"
"2016-11-15","ALL","단기모멘텀","A011760","현대코퍼레이션","-.23","OK","168"
"2016-11-15","ALL","단기모멘텀","A011780","금호석유화학","-5.02","OK","169"
"2016-11-15","ALL","단기모멘텀","A011790","SKC","8.57","OK","170"
"2016-11-15","ALL","단기모멘텀","A012330","현대모비스","-9.01","OK","171"
"2016-11-15","ALL","단기모멘텀","A012450","한화에어로스페이스","-18.29","OK","172"
"2016-11-15","ALL","단기모멘텀","A012510","더존비즈온","-6.65","OK","173"
"2016-11-15","ALL","단기모멘텀","A012630","HDC","-11.07","OK","174"
"2016-11-15","ALL","단기모멘텀","A012750","에스원","-7.22","OK","175"
"2016-11-15","ALL","단기모멘텀","A013030","하이록코리아","-1.37","OK","176"
"2016-11-15","ALL","단기모멘텀","A013120","동원개발","-6.39","OK","177"
"2016-11-15","ALL","단기모멘텀","A014620","성광벤드","6.01","OK","178"
"2016-11-15","ALL","단기모멘텀","A014680","한솔케미칼","7.52","OK","179"
"2016-11-15","ALL","단기모멘텀","A014820","동원시스템즈","17.7","OK","180"
"2016-11-15","ALL","단기모멘텀","A014830","유니드","8.46","OK","181"
"2016-11-15","ALL","단기모멘텀","A015750","성우하이텍","-6.73","OK","182"
"2016-11-15","ALL","단기모멘텀","A015760","한국전력","-7.27","OK","183"
"2016-11-15","ALL","단기모멘텀","A015860","일진홀딩스","-4.31","OK","184"
"2016-11-15","ALL","단기모멘텀","A016100","리더스코스메틱","-10.3","OK","185"
"2016-11-15","ALL","단기모멘텀","A016250","SGC E&C","-15.69","OK","186"
"2016-11-15","ALL","단기모멘텀","A016360","삼성증권","0","OK","187"
"2016-11-15","ALL","단기모멘텀","A016380","KG스틸","2.16","OK","188"
"2016-11-15","ALL","단기모멘텀","A016450","한세예스24홀딩스","-18.59","OK","189"
"2016-11-15","ALL","단기모멘텀","A016580","환인제약","-3.24","OK","190"
"2016-11-15","ALL","단기모멘텀","A016800","퍼시스","3.05","OK","191"
"2016-11-15","ALL","단기모멘텀","A017390","서울가스","-3.52","OK","192"
"2016-11-15","ALL","단기모멘텀","A017670","SK텔레콤","-1.58","OK","193"
"2016-11-15","ALL","단기모멘텀","A017800","현대엘리베이터",".31","OK","194"
"2016-11-15","ALL","단기모멘텀","A017810","풀무원","8.2","OK","195"
"2016-11-15","ALL","단기모멘텀","A017940","E1","-2.37","OK","196"
"2016-11-15","ALL","단기모멘텀","A017960","한국카본","-1.32","OK","197"
"2016-11-15","ALL","단기모멘텀","A018260","삼성에스디에스","-9.97","OK","198"
"2016-11-15","ALL","단기모멘텀","A018670","SK가스","2.96","OK","199"
"2016-11-15","ALL","단기모멘텀","A018880","한온시스템","-13.97","OK","200"
"2016-11-15","ALL","단기모멘텀","A019170","신풍제약","-13.58","OK","201"
"2016-11-15","ALL","단기모멘텀","A019680","대교","-1.02","OK","202"
"2016-11-15","ALL","단기모멘텀","A020000","한섬","-6.67","OK","203"
"2016-11-15","ALL","단기모멘텀","A020150","롯데에너지머티리얼즈","-26.76","OK","204"
"2016-11-15","ALL","단기모멘텀","A020560","아시아나항공","1.86","OK","205"
"2016-11-15","ALL","단기모멘텀","A021240","코웨이","-7.32","OK","206"
"2016-11-15","ALL","단기모멘텀","A022100","포스코DX","-4.6","OK","207"
"2016-11-15","ALL","단기모멘텀","A023410","유진기업","-3.64","OK","208"
"2016-11-15","ALL","단기모멘텀","A023530","롯데쇼핑","1.08","OK","209"
"2016-11-15","ALL","단기모멘텀","A023590","다우기술","-7.59","OK","210"
"2016-11-15","ALL","단기모멘텀","A024110","기업은행","7.29","OK","211"
"2016-11-15","ALL","단기모멘텀","A024720","콜마홀딩스","-21.78","OK","212"
"2016-11-15","ALL","단기모멘텀","A025000","KPX케미칼","-9.94","OK","213"
"2016-11-15","ALL","단기모멘텀","A025540","한국단자","-.4","OK","214"
"2016-11-15","ALL","단기모멘텀","A025770","한국정보통신","-5.51","OK","215"
"2016-11-15","ALL","단기모멘텀","A025860","남해화학",".82","OK","216"
"2016-11-15","ALL","단기모멘텀","A025900","동화기업","-3.74","OK","217"
"2016-11-15","ALL","단기모멘텀","A025980","아난티","-6.56","OK","218"
"2016-11-15","ALL","단기모멘텀","A026960","동서","-7.93","OK","219"
"2016-11-15","ALL","단기모멘텀","A027050","코리아나","","BLANK","220"
"2016-11-15","ALL","단기모멘텀","A027410","BGF","-3.48","OK","221"
"2016-11-15","ALL","단기모멘텀","A028050","삼성E&A","-7.37","OK","222"
"2016-11-15","ALL","단기모멘텀","A028260","삼성물산","-12.23","OK","223"
"2016-11-15","ALL","단기모멘텀","A028300","HLB","-9.95","OK","224"
"2016-11-15","ALL","단기모멘텀","A028670","팬오션","-.51","OK","225"
"2016-11-15","ALL","단기모멘텀","A029460","케이씨","-13.4","OK","226"
"2016-11-15","ALL","단기모멘텀","A029530","신도리코","6.81","OK","227"
"2016-11-15","ALL","단기모멘텀","A029780","삼성카드","-13.06","OK","228"
"2016-11-15","ALL","단기모멘텀","A030000","제일기획","-.91","OK","229"
"2016-11-15","ALL","단기모멘텀","A030190","NICE평가정보","-9.64","OK","230"
"2016-11-15","ALL","단기모멘텀","A030200","KT","-.16","OK","231"
"2016-11-15","ALL","단기모멘텀","A030520","한컴","-1.7","OK","232"
"2016-11-15","ALL","단기모멘텀","A030530","원익홀딩스","-11.3","OK","233"
"2016-11-15","ALL","단기모멘텀","A030610","교보증권","-.32","OK","234"
"2016-11-15","ALL","단기모멘텀","A031430","신세계인터내셔날","-15.23","OK","235"
"2016-11-15","ALL","단기모멘텀","A031440","신세계푸드","-14.55","OK","236"
"2016-11-15","ALL","단기모멘텀","A031980","피에스케이홀딩스","-7.45","OK","237"
"2016-11-15","ALL","단기모멘텀","A032190","다우데이타","-7.14","OK","238"
"2016-11-15","ALL","단기모멘텀","A032350","롯데관광개발","-10.57","OK","239"
"2016-11-15","ALL","단기모멘텀","A032640","LG유플러스","3.9","OK","240"
"2016-11-15","ALL","단기모멘텀","A032830","삼성생명","7.08","OK","241"
"2016-11-15","ALL","단기모멘텀","A033240","자화전자","","BLANK","242"
"2016-11-15","ALL","단기모멘텀","A033270","유나이티드제약","5.07","OK","243"
"2016-11-15","ALL","단기모멘텀","A033290","로젠","-6.56","OK","244"
"2016-11-15","ALL","단기모멘텀","A033780","KT&G","-10","OK","245"
"2016-11-15","ALL","단기모멘텀","A033920","무학","-2.18","OK","246"
"2016-11-15","ALL","단기모멘텀","A034020","두산에너빌리티","6.11","OK","247"
"2016-11-15","ALL","단기모멘텀","A034120","SBS","-.39","OK","248"
"2016-11-15","ALL","단기모멘텀","A034220","LG디스플레이","-11.52","OK","249"
"2016-11-15","ALL","단기모멘텀","A034230","파라다이스","-17.49","OK","250"
"2016-11-15","ALL","단기모멘텀","A034310","NICE","-3.09","OK","251"
"2016-11-15","ALL","단기모멘텀","A034730","SK","13.19","OK","252"
"2016-11-15","ALL","단기모멘텀","A034830","한국토지신탁","-3.93","OK","253"
"2016-11-15","ALL","단기모멘텀","A035080","그래디언트","-8.88","OK","254"
"2016-11-15","ALL","단기모멘텀","A035250","강원랜드","-5.57","OK","255"
"2016-11-15","ALL","단기모멘텀","A035420","NAVER","-11.85","OK","256"
"2016-11-15","ALL","단기모멘텀","A035600","KG이니시스","1.2","OK","257"
"2016-11-15","ALL","단기모멘텀","A035720","카카오","-4.16","OK","258"
"2016-11-15","ALL","단기모멘텀","A035760","CJ ENM","-1.59","OK","259"
"2016-11-15","ALL","단기모멘텀","A035810","이지홀딩스","3.05","OK","260"
"2016-11-15","ALL","단기모멘텀","A036030","케이티알파","","BLANK","261"
"2016-11-15","ALL","단기모멘텀","A036420","콘텐트리중앙","6.85","OK","262"
"2016-11-15","ALL","단기모멘텀","A036460","한국가스공사",".34","OK","263"
"2016-11-15","ALL","단기모멘텀","A036540","SFA반도체","-7.13","OK","264"
"2016-11-15","ALL","단기모멘텀","A036570","NC","-13.88","OK","265"
"2016-11-15","ALL","단기모멘텀","A036580","팜스코","-5.88","OK","266"
"2016-11-15","ALL","단기모멘텀","A036630","세종텔레콤","-9.46","OK","267"
"2016-11-15","ALL","단기모멘텀","A036800","나이스정보통신","-7.25","OK","268"
"2016-11-15","ALL","단기모멘텀","A036830","솔브레인홀딩스","2.56","OK","269"
"2016-11-15","ALL","단기모멘텀","A036930","주성엔지니어링","-5.25","OK","270"
"2016-11-15","ALL","단기모멘텀","A037560","LG헬로비전","-6.29","OK","271"
"2016-11-15","ALL","단기모멘텀","A037710","광주신세계",".2","OK","272"
"2016-11-15","ALL","단기모멘텀","A038290","마크로젠","-9.21","OK","273"
"2016-11-15","ALL","단기모멘텀","A038500","삼표시멘트","-2.69","OK","274"
"2016-11-15","ALL","단기모멘텀","A038540","상상인","-6.21","OK","275"
"2016-11-15","ALL","단기모멘텀","A039030","이오테크닉스","-1.04","OK","276"
"2016-11-15","ALL","단기모멘텀","A039130","하나투어","-3.72","OK","277"
"2016-11-15","ALL","단기모멘텀","A039490","키움증권","-1.64","OK","278"
"2016-11-15","ALL","단기모멘텀","A039570","HDC랩스","-2.24","OK","279"
"2016-11-15","ALL","단기모멘텀","A039840","디오","-14.86","OK","280"
"2016-11-15","ALL","단기모멘텀","A041510","에스엠","2.14","OK","281"
"2016-11-15","ALL","단기모멘텀","A041830","인바디","-20.96","OK","282"
"2016-11-15","ALL","단기모멘텀","A041960","코미팜","-6.39","OK","283"
"2016-11-15","ALL","단기모멘텀","A042660","한화오션","0","OK","284"
"2016-11-15","ALL","단기모멘텀","A042700","한미반도체","0","OK","285"
"2016-11-15","ALL","단기모멘텀","A043150","바텍","-7.55","OK","286"
"2016-11-15","ALL","단기모멘텀","A044490","태웅","-20.91","OK","287"
"2016-11-15","ALL","단기모멘텀","A044820","코스맥스비티아이","-13.8","OK","288"
"2016-11-15","ALL","단기모멘텀","A046890","서울반도체","-6.53","OK","289"
"2016-11-15","ALL","단기모멘텀","A047040","대우건설","-11.57","OK","290"
"2016-11-15","ALL","단기모멘텀","A047050","포스코인터내셔널","-1.36","OK","291"
"2016-11-15","ALL","단기모멘텀","A047810","한국항공우주","-11.8","OK","292"
"2016-11-15","ALL","단기모멘텀","A048530","인트론바이오","-19.36","OK","293"
"2016-11-15","ALL","단기모멘텀","A049180","셀루메드","-6.07","OK","294"
"2016-11-15","ALL","단기모멘텀","A049960","쎌바이오텍","-10.94","OK","295"
"2016-11-15","ALL","단기모멘텀","A051500","CJ프레시웨이","1.65","OK","296"
"2016-11-15","ALL","단기모멘텀","A051600","한전KPS","-.18","OK","297"
"2016-11-15","ALL","단기모멘텀","A051900","LG생활건강","-9.17","OK","298"
"2016-11-15","ALL","단기모멘텀","A051910","LG화학","3.44","OK","299"
"2016-11-15","ALL","단기모멘텀","A052260","현대바이오랜드","-10.34","OK","300"
"2016-11-15","ALL","단기모멘텀","A052690","한전기술","-12.26","OK","301"
"2016-11-15","ALL","단기모멘텀","A053030","바이넥스","17.04","OK","302"
"2016-11-15","ALL","단기모멘텀","A053210","스카이라이프","1.16","OK","303"
"2016-11-15","ALL","단기모멘텀","A053800","안랩","2.25","OK","304"
"2016-11-15","ALL","단기모멘텀","A054050","NH농우바이오","","BLANK","305"
"2016-11-15","ALL","단기모멘텀","A054620","APS","-2.36","OK","306"
"2016-11-15","ALL","단기모멘텀","A054670","대한뉴팜","6.14","OK","307"
"2016-11-15","ALL","단기모멘텀","A054950","제이브이엠","-15.46","OK","308"
"2016-11-15","ALL","단기모멘텀","A055550","신한지주","7.63","OK","309"
"2016-11-15","ALL","단기모멘텀","A056190","SFA","2.4","OK","310"
"2016-11-15","ALL","단기모멘텀","A057050","현대홈쇼핑","-6.81","OK","311"
"2016-11-15","ALL","단기모멘텀","A058470","리노공업","-3.34","OK","312"
"2016-11-15","ALL","단기모멘텀","A058650","세아홀딩스","-1.61","OK","313"
"2016-11-15","ALL","단기모멘텀","A058820","CMG제약","-14.22","OK","314"
"2016-11-15","ALL","단기모멘텀","A060250","NHN KCP","-10.81","OK","315"
"2016-11-15","ALL","단기모멘텀","A060720","KH바텍","-1.91","OK","316"
"2016-11-15","ALL","단기모멘텀","A060980","HL홀딩스","-5.89","OK","317"
"2016-11-15","ALL","단기모멘텀","A063080","컴투스홀딩스","-.18","OK","318"
"2016-11-15","ALL","단기모멘텀","A064240","홈캐스트","30.38","OK","319"
"2016-11-15","ALL","단기모멘텀","A064350","현대로템","-1.01","OK","320"
"2016-11-15","ALL","단기모멘텀","A064760","티씨케이","-14.43","OK","321"
"2016-11-15","ALL","단기모멘텀","A064960","SNT모티브","-10.59","OK","322"
"2016-11-15","ALL","단기모멘텀","A065060","지엔코","-5.1","OK","323"
"2016-11-15","ALL","단기모멘텀","A066570","LG전자","-6.46","OK","324"
"2016-11-15","ALL","단기모멘텀","A066970","엘앤에프","-17.4","OK","325"
"2016-11-15","ALL","단기모멘텀","A067000","조이시티","-2.86","OK","326"
"2016-11-15","ALL","단기모멘텀","A067080","대화제약","-17.56","OK","327"
"2016-11-15","ALL","단기모멘텀","A067160","SOOP","-15.61","OK","328"
"2016-11-15","ALL","단기모멘텀","A067290","JW신약","-11.5","OK","329"
"2016-11-15","ALL","단기모멘텀","A068240","다원시스","-19.28","OK","330"
"2016-11-15","ALL","단기모멘텀","A068270","셀트리온",".39","OK","331"
"2016-11-15","ALL","단기모멘텀","A068760","셀트리온제약","-3.42","OK","332"
"2016-11-15","ALL","단기모멘텀","A069080","웹젠","-8.92","OK","333"
"2016-11-15","ALL","단기모멘텀","A069260","TKG휴켐스","-1.27","OK","334"
"2016-11-15","ALL","단기모멘텀","A069620","대웅제약","1.2","OK","335"
"2016-11-15","ALL","단기모멘텀","A069960","현대백화점","-5.65","OK","336"
"2016-11-15","ALL","단기모멘텀","A070960","모나용평","-12.84","OK","337"
"2016-11-15","ALL","단기모멘텀","A071050","한국금융지주","6.77","OK","338"
"2016-11-15","ALL","단기모멘텀","A071320","지역난방공사","3.73","OK","339"
"2016-11-15","ALL","단기모멘텀","A071840","롯데하이마트","-3.1","OK","340"
"2016-11-15","ALL","단기모멘텀","A072710","농심홀딩스","7.04","OK","341"
"2016-11-15","ALL","단기모멘텀","A073240","금호타이어","-6.73","OK","342"
"2016-11-15","ALL","단기모멘텀","A074430","아미노로직스","-12.5","OK","343"
"2016-11-15","ALL","단기모멘텀","A078020","LS증권",".49","OK","344"
"2016-11-15","ALL","단기모멘텀","A078150","HB테크놀러지","2.61","OK","345"
"2016-11-15","ALL","단기모멘텀","A078160","메디포스트","-18.13","OK","346"
"2016-11-15","ALL","단기모멘텀","A078340","컴투스","-14.4","OK","347"
"2016-11-15","ALL","단기모멘텀","A078520","에이블씨엔씨","-5.05","OK","348"
"2016-11-15","ALL","단기모멘텀","A078930","GS","5.59","OK","349"
"2016-11-15","ALL","단기모멘텀","A079160","CJ CGV","-12.14","OK","350"
"2016-11-15","ALL","단기모멘텀","A079430","현대리바트","-.58","OK","351"
"2016-11-15","ALL","단기모멘텀","A079550","LIG디펜스앤에어로스페이스","-8.28","OK","352"
"2016-11-15","ALL","단기모멘텀","A079980","휴비스","-1.68","OK","353"
"2016-11-15","ALL","단기모멘텀","A080160","모두투어","-3.41","OK","354"
"2016-11-15","ALL","단기모멘텀","A080420","모다이노칩","-13.12","OK","355"
"2016-11-15","ALL","단기모멘텀","A081660","미스토홀딩스","-20.55","OK","356"
"2016-11-15","ALL","단기모멘텀","A082270","젬백스","-17.06","OK","357"
"2016-11-15","ALL","단기모멘텀","A082640","동양생명","4.56","OK","358"
"2016-11-15","ALL","단기모멘텀","A082740","한화엔진","13.42","OK","359"
"2016-11-15","ALL","단기모멘텀","A083790","CG인바이츠","-8.68","OK","360"
"2016-11-15","ALL","단기모멘텀","A084110","휴온스글로벌","-18.79","OK","361"
"2016-11-15","ALL","단기모멘텀","A084370","유진테크","-11.96","OK","362"
"2016-11-15","ALL","단기모멘텀","A084690","대상홀딩스","-10.82","OK","363"
"2016-11-15","ALL","단기모멘텀","A084990","헬릭스미스","-5.15","OK","364"
"2016-11-15","ALL","단기모멘텀","A085620","미래에셋생명","10.48","OK","365"
"2016-11-15","ALL","단기모멘텀","A085660","차바이오텍","-11.03","OK","366"
"2016-11-15","ALL","단기모멘텀","A086280","현대글로비스","-9.83","OK","367"
"2016-11-15","ALL","단기모멘텀","A086450","동국제약","-6.43","OK","368"
"2016-11-15","ALL","단기모멘텀","A086790","하나금융지주","12.54","OK","369"
"2016-11-15","ALL","단기모멘텀","A086900","메디톡스","-10.84","OK","370"
"2016-11-15","ALL","단기모멘텀","A086980","쇼박스","-7.21","OK","371"
"2016-11-15","ALL","단기모멘텀","A087010","펩트론","","BLANK","372"
"2016-11-15","ALL","단기모멘텀","A088350","한화생명","5.95","OK","373"
"2016-11-15","ALL","단기모멘텀","A089470","HDC현대EP","-11.28","OK","374"
"2016-11-15","ALL","단기모멘텀","A089590","제주항공","-5.48","OK","375"
"2016-11-15","ALL","단기모멘텀","A089600","KT나스미디어","-2.63","OK","376"
"2016-11-15","ALL","단기모멘텀","A090430","아모레퍼시픽","-4.08","OK","377"
"2016-11-15","ALL","단기모멘텀","A091700","파트론","4.41","OK","378"
"2016-11-15","ALL","단기모멘텀","A092040","아미코젠","3.63","OK","379"
"2016-11-15","ALL","단기모멘텀","A092230","KPX홀딩스","-1.22","OK","380"
"2016-11-15","ALL","단기모멘텀","A093050","LF","-2.44","OK","381"
"2016-11-15","ALL","단기모멘텀","A093370","후성","-4.51","OK","382"
"2016-11-15","ALL","단기모멘텀","A095570","AJ네트웍스","-14.18","OK","383"
"2016-11-15","ALL","단기모멘텀","A095610","테스","-.48","OK","384"
"2016-11-15","ALL","단기모멘텀","A095700","제넥신","-2.33","OK","385"
"2016-11-15","ALL","단기모멘텀","A095720","웅진씽크빅","-11.9","OK","386"
"2016-11-15","ALL","단기모멘텀","A096530","씨젠","-6.8","OK","387"
"2016-11-15","ALL","단기모멘텀","A096760","JW홀딩스","-40","OK","388"
"2016-11-15","ALL","단기모멘텀","A096770","SK이노베이션","4.21","OK","389"
"2016-11-15","ALL","단기모멘텀","A097230","HJ중공업","-3.99","OK","390"
"2016-11-15","ALL","단기모멘텀","A097950","CJ제일제당","6.63","OK","391"
"2016-11-15","ALL","단기모멘텀","A098460","고영","-3.9","OK","392"
"2016-11-15","ALL","단기모멘텀","A099190","아이센스","1.14","OK","393"
"2016-11-15","ALL","단기모멘텀","A100120","뷰웍스","-9.49","OK","394"
"2016-11-15","ALL","단기모멘텀","A100130","동국S&C","-22.78","OK","395"
"2016-11-15","ALL","단기모멘텀","A101530","해태제과식품","-12.83","OK","396"
"2016-11-15","ALL","단기모멘텀","A102260","동성케미컬","-2.59","OK","397"
"2016-11-15","ALL","단기모멘텀","A102460","이연제약","-4.94","OK","398"
"2016-11-15","ALL","단기모멘텀","A102710","이엔에프테크놀로지","-2.17","OK","399"
"2016-11-15","ALL","단기모멘텀","A102940","코오롱생명과학",".5","OK","400"
"2016-11-15","ALL","단기모멘텀","A103140","풍산","22.41","OK","401"
"2016-11-15","ALL","단기모멘텀","A104700","한국철강","2.73","OK","402"
"2016-11-15","ALL","단기모멘텀","A104830","원익머트리얼즈","0","OK","403"
"2016-11-15","ALL","단기모멘텀","A105560","KB금융","7.02","OK","404"
"2016-11-15","ALL","단기모멘텀","A105630","한세실업","-13.23","OK","405"
"2016-11-15","ALL","단기모멘텀","A107590","미원홀딩스","-4.33","OK","406"
"2016-11-15","ALL","단기모멘텀","A108230","톱텍","-1.04","OK","407"
"2016-11-15","ALL","단기모멘텀","A108320","LX세미콘","-11.03","OK","408"
"2016-11-15","ALL","단기모멘텀","A108670","LX하우시스","-5.6","OK","409"
"2016-11-15","ALL","단기모멘텀","A109610","에스와이","-18.6","OK","410"
"2016-11-15","ALL","단기모멘텀","A109740","디에스케이","26.95","OK","411"
"2016-11-15","ALL","단기모멘텀","A111770","영원무역","-24.02","OK","412"
"2016-11-15","ALL","단기모멘텀","A112040","위메이드","5.41","OK","413"
"2016-11-15","ALL","단기모멘텀","A112610","씨에스윈드","-24.68","OK","414"
"2016-11-15","ALL","단기모멘텀","A114090","GKL","-10.87","OK","415"
"2016-11-15","ALL","단기모멘텀","A115160","휴맥스","-4.83","OK","416"
"2016-11-15","ALL","단기모멘텀","A115180","큐리언트","-10","OK","417"
"2016-11-15","ALL","단기모멘텀","A115450","HLB테라퓨틱스","-6.61","OK","418"
"2016-11-15","ALL","단기모멘텀","A119610","인터로조","2.66","OK","419"
"2016-11-15","ALL","단기모멘텀","A120110","코오롱인더","-6.3","OK","420"
"2016-11-15","ALL","단기모멘텀","A121440","골프존홀딩스",".13","OK","421"
"2016-11-15","ALL","단기모멘텀","A122870","와이지엔터테인먼트","-10.64","OK","422"
"2016-11-15","ALL","단기모멘텀","A122900","아이마켓코리아","-14.91","OK","423"
"2016-11-15","ALL","단기모멘텀","A122990","와이솔","5.64","OK","424"
"2016-11-15","ALL","단기모멘텀","A123890","한국자산신탁","-3.89","OK","425"
"2016-11-15","ALL","단기모멘텀","A126560","현대퓨처넷","-.27","OK","426"
"2016-11-15","ALL","단기모멘텀","A128940","한미약품","-4.21","OK","427"
"2016-11-15","ALL","단기모멘텀","A136480","하림","2.47","OK","428"
"2016-11-15","ALL","단기모멘텀","A137940","넥스트아이","-12.82","OK","429"
"2016-11-15","ALL","단기모멘텀","A138040","메리츠금융지주","-8.15","OK","430"
"2016-11-15","ALL","단기모멘텀","A138930","BNK금융지주","9.04","OK","431"
"2016-11-15","ALL","단기모멘텀","A139130","iM금융지주","3.16","OK","432"
"2016-11-15","ALL","단기모멘텀","A139480","이마트","7.78","OK","433"
"2016-11-15","ALL","단기모멘텀","A141080","리가켐바이오","-6.33","OK","434"
"2016-11-15","ALL","단기모멘텀","A144510","지씨셀","-5.96","OK","435"
"2016-11-15","ALL","단기모멘텀","A145020","휴젤","-27.42","OK","436"
"2016-11-15","ALL","단기모멘텀","A145990","삼양사","1.87","OK","437"
"2016-11-15","ALL","단기모멘텀","A160550","NEW","6.7","OK","438"
"2016-11-15","ALL","단기모멘텀","A161000","애경케미칼","16.43","OK","439"
"2016-11-15","ALL","단기모멘텀","A161390","한국타이어앤테크놀로지","-11.21","OK","440"
"2016-11-15","ALL","단기모멘텀","A161890","한국콜마","-19.27","OK","441"
"2016-11-15","ALL","단기모멘텀","A168330","내츄럴엔도텍","6.4","OK","442"
"2016-11-15","ALL","단기모멘텀","A170900","동아에스티","-6.83","OK","443"
"2016-11-15","ALL","단기모멘텀","A171120","라이온켐텍","-9.3","OK","444"
"2016-11-15","ALL","단기모멘텀","A175330","JB금융지주","-1.71","OK","445"
"2016-11-15","ALL","단기모멘텀","A178920","PI첨단소재","-.39","OK","446"
"2016-11-15","ALL","단기모멘텀","A180640","한진칼","1.46","OK","447"
"2016-11-15","ALL","단기모멘텀","A181710","NHN","-19.95","OK","448"
"2016-11-15","ALL","단기모멘텀","A182400","엔케이젠바이오텍코리아","-12.14","OK","449"
"2016-11-15","ALL","단기모멘텀","A183490","엔지켐생명과학","-1.6","OK","450"
"2016-11-15","ALL","단기모멘텀","A185750","종근당","9.41","OK","451"
"2016-11-15","ALL","단기모멘텀","A192080","더블유게임즈","-14.17","OK","452"
"2016-11-15","ALL","단기모멘텀","A192400","쿠쿠홀딩스","-3.13","OK","453"
"2016-11-15","ALL","단기모멘텀","A192440","슈피겐코리아","-4.72","OK","454"
"2016-11-15","ALL","단기모멘텀","A192820","코스맥스","-16.28","OK","455"
"2016-11-15","ALL","단기모멘텀","A194480","데브시스터즈","","BLANK","456"
"2016-11-15","ALL","단기모멘텀","A200130","콜마비앤에이치","-31.55","OK","457"
"2016-11-15","ALL","단기모멘텀","A200230","텔콘RF제약","-27.77","OK","458"
"2016-11-15","ALL","단기모멘텀","A200670","휴메딕스","-14.15","OK","459"
"2016-11-15","ALL","단기모멘텀","A200880","서연이화","-11.26","OK","460"
"2016-11-15","ALL","단기모멘텀","A204320","HL만도","-10.96","OK","461"
"2016-11-15","ALL","단기모멘텀","A206640","바디텍메드","-8.51","OK","462"
"2016-11-15","ALL","단기모멘텀","A207940","삼성바이오로직스","0","OK","463"
"2016-11-15","ALL","단기모멘텀","A210980","SK디앤디","3.06","OK","464"
"2016-11-15","ALL","단기모멘텀","A213420","덕산네오룩스","-.66","OK","465"
"2016-11-15","ALL","단기모멘텀","A213500","한솔제지","1.78","OK","466"
"2016-11-15","ALL","단기모멘텀","A214320","이노션","-13.68","OK","467"
"2016-11-15","ALL","단기모멘텀","A214370","케어젠","-1.65","OK","468"
"2016-11-15","ALL","단기모멘텀","A214390","경보제약","-12.82","OK","469"
"2016-11-15","ALL","단기모멘텀","A214420","토니모리","-17.15","OK","470"
"2016-11-15","ALL","단기모멘텀","A214450","파마리서치","-3.88","OK","471"
"2016-11-15","ALL","단기모멘텀","A215000","골프존","-5.22","OK","472"
"2016-11-15","ALL","단기모멘텀","A222040","코스맥스엔비티","-9.88","OK","473"
"2016-11-15","ALL","단기모멘텀","A225530","HC보광산업","-16.17","OK","474"
"2016-11-15","ALL","단기모멘텀","A226320","잇츠한불","-15.41","OK","475"
"2016-11-15","ALL","단기모멘텀","A228850","레이언스","-8.6","OK","476"
"2016-11-15","ALL","단기모멘텀","A237690","에스티팜","-17.53","OK","477"
"2016-11-15","ALL","단기모멘텀","A237880","클리오","0","OK","478"
"2016-11-15","ALL","단기모멘텀","A240810","원익IPS","-3.81","OK","479"
"2016-11-15","ALL","단기모멘텀","A241590","화승엔터프라이즈","-7.74","OK","480"
"2016-11-15","ALL","단기모멘텀","A241710","코스메카코리아","0","OK","481"
"2016-11-15","ALL","단기모멘텀","A243070","휴온스","1.25","OK","482"
"2016-11-15","ALL","단기모멘텀","A249420","일동제약","-11.86","OK","483"
"2016-11-15","ALL","단기모멘텀","A900140","엘브이엠씨홀딩스","-6.15","OK","484"
"2016-11-15","ALL","단기모멘텀","A900270","헝셩그룹","-4.57","OK","485"
"2016-11-15","ALL","단기모멘텀","A900290","GRT","0","OK","486"
"2016-11-15","ALL","단기모멘텀","A900300","오가닉티코스메틱","0","OK","487"
