Date,Universe,Factor,StockCode,StockName,FactorValue,ValueStatus,SourceRow
"2022-10-25","ALL","OP(FY1_1M_CHG)","A000050","경방","","BLANK","14"
"2022-10-25","ALL","OP(FY1_1M_CHG)","A000070","삼양홀딩스","","BLANK","15"
"2022-10-25","ALL","OP(FY1_1M_CHG)","A000080","하이트진로","-3.80043227665707","OK","16"
"2022-10-25","ALL","OP(FY1_1M_CHG)","A000100","유한양행",".746139163630053","OK","17"
"2022-10-25","ALL","OP(FY1_1M_CHG)","A000120","CJ대한통운","-.711645738160286","OK","18"
"2022-10-25","ALL","OP(FY1_1M_CHG)","A000150","두산","-2.95501113585747","OK","19"
"2022-10-25","ALL","OP(FY1_1M_CHG)","A000210","DL","7.6656701544594","OK","20"
"2022-10-25","ALL","OP(FY1_1M_CHG)","A000230","일동홀딩스","","BLANK","21"
"2022-10-25","ALL","OP(FY1_1M_CHG)","A000240","한국앤컴퍼니","9.56916099773242","OK","22"
"2022-10-25","ALL","OP(FY1_1M_CHG)","A000250","삼천당제약","","BLANK","23"
"2022-10-25","ALL","OP(FY1_1M_CHG)","A000270","기아","-4.14575569980366","OK","24"
"2022-10-25","ALL","OP(FY1_1M_CHG)","A000370","한화손해보험","4.706824204947","OK","25"
"2022-10-25","ALL","OP(FY1_1M_CHG)","A000400","롯데손해보험","","BLANK","26"
"2022-10-25","ALL","OP(FY1_1M_CHG)","A000480","CR홀딩스","","BLANK","27"
"2022-10-25","ALL","OP(FY1_1M_CHG)","A000640","동아쏘시오홀딩스","1.13559322033899","OK","28"
"2022-10-25","ALL","OP(FY1_1M_CHG)","A000660","SK하이닉스","-12.7518434751889","OK","29"
"2022-10-25","ALL","OP(FY1_1M_CHG)","A000670","영풍","5.95238095238095","OK","30"
"2022-10-25","ALL","OP(FY1_1M_CHG)","A000720","현대건설","-3.91017508246639","OK","31"
"2022-10-25","ALL","OP(FY1_1M_CHG)","A000810","삼성화재",".728654963658334","OK","32"
"2022-10-25","ALL","OP(FY1_1M_CHG)","A000880","한화","1.5068266942887","OK","33"
"2022-10-25","ALL","OP(FY1_1M_CHG)","A000990","DB하이텍","2.41591963888359","OK","34"
"2022-10-25","ALL","OP(FY1_1M_CHG)","A001040","CJ","1.12388781934542","OK","35"
"2022-10-25","ALL","OP(FY1_1M_CHG)","A001060","JW중외제약","-11.6424116424116","OK","36"
"2022-10-25","ALL","OP(FY1_1M_CHG)","A001070","대한방직","","BLANK","37"
"2022-10-25","ALL","OP(FY1_1M_CHG)","A001120","LX인터내셔널","4.97216494845361","OK","38"
"2022-10-25","ALL","OP(FY1_1M_CHG)","A001230","동국홀딩스","3.79113635523576","OK","39"
"2022-10-25","ALL","OP(FY1_1M_CHG)","A001390","KG케미칼","","BLANK","40"
"2022-10-25","ALL","OP(FY1_1M_CHG)","A001430","세아베스틸지주","3.716522016932","OK","41"
"2022-10-25","ALL","OP(FY1_1M_CHG)","A001440","대한전선","","BLANK","42"
"2022-10-25","ALL","OP(FY1_1M_CHG)","A001450","현대해상",".245456510956525","OK","43"
"2022-10-25","ALL","OP(FY1_1M_CHG)","A001470","삼부토건","","BLANK","44"
"2022-10-25","ALL","OP(FY1_1M_CHG)","A001500","현대차증권","","BLANK","45"
"2022-10-25","ALL","OP(FY1_1M_CHG)","A001510","SK증권","","BLANK","46"
"2022-10-25","ALL","OP(FY1_1M_CHG)","A001530","DI동일","","BLANK","47"
"2022-10-25","ALL","OP(FY1_1M_CHG)","A001570","금양","","BLANK","48"
"2022-10-25","ALL","OP(FY1_1M_CHG)","A001630","종근당홀딩스","","BLANK","49"
"2022-10-25","ALL","OP(FY1_1M_CHG)","A001680","대상","2.24803767660911","OK","50"
"2022-10-25","ALL","OP(FY1_1M_CHG)","A001720","신영증권","","BLANK","51"
"2022-10-25","ALL","OP(FY1_1M_CHG)","A001740","SK네트웍스","0","OK","52"
"2022-10-25","ALL","OP(FY1_1M_CHG)","A001800","오리온홀딩스","","BLANK","53"
"2022-10-25","ALL","OP(FY1_1M_CHG)","A001820","삼화콘덴서","-10.2857142857143","OK","54"
"2022-10-25","ALL","OP(FY1_1M_CHG)","A002020","코오롱","","BLANK","55"
"2022-10-25","ALL","OP(FY1_1M_CHG)","A002030","아세아","","BLANK","56"
"2022-10-25","ALL","OP(FY1_1M_CHG)","A002150","도화엔지니어링","","BLANK","57"
"2022-10-25","ALL","OP(FY1_1M_CHG)","A002240","고려제강","","BLANK","58"
"2022-10-25","ALL","OP(FY1_1M_CHG)","A002310","아세아제지","","BLANK","59"
"2022-10-25","ALL","OP(FY1_1M_CHG)","A002320","한진","1.13636363636364","OK","60"
"2022-10-25","ALL","OP(FY1_1M_CHG)","A002350","넥센타이어","-18.2445141065831","OK","61"
"2022-10-25","ALL","OP(FY1_1M_CHG)","A002380","KCC","-5.86644125105664","OK","62"
"2022-10-25","ALL","OP(FY1_1M_CHG)","A002790","아모레퍼시픽홀딩스","-25.3273384573321","OK","63"
"2022-10-25","ALL","OP(FY1_1M_CHG)","A002840","미원상사","","BLANK","64"
"2022-10-25","ALL","OP(FY1_1M_CHG)","A002900","TYM","0","OK","65"
"2022-10-25","ALL","OP(FY1_1M_CHG)","A002960","한국쉘석유","","BLANK","66"
"2022-10-25","ALL","OP(FY1_1M_CHG)","A003000","부광약품","0","OK","67"
"2022-10-25","ALL","OP(FY1_1M_CHG)","A003030","세아제강지주","","BLANK","68"
"2022-10-25","ALL","OP(FY1_1M_CHG)","A003070","코오롱글로벌","","BLANK","69"
"2022-10-25","ALL","OP(FY1_1M_CHG)","A003090","대웅","","BLANK","70"
"2022-10-25","ALL","OP(FY1_1M_CHG)","A003100","선광","","BLANK","71"
"2022-10-25","ALL","OP(FY1_1M_CHG)","A003120","일성아이에스","","BLANK","72"
"2022-10-25","ALL","OP(FY1_1M_CHG)","A003220","대원제약","2.54435107376283","OK","73"
"2022-10-25","ALL","OP(FY1_1M_CHG)","A003230","삼양식품","3.24074074074074","OK","74"
"2022-10-25","ALL","OP(FY1_1M_CHG)","A003240","태광산업","","BLANK","75"
"2022-10-25","ALL","OP(FY1_1M_CHG)","A003280","흥아해운","","BLANK","76"
"2022-10-25","ALL","OP(FY1_1M_CHG)","A003300","한일홀딩스","","BLANK","77"
"2022-10-25","ALL","OP(FY1_1M_CHG)","A003380","하림지주","","BLANK","78"
"2022-10-25","ALL","OP(FY1_1M_CHG)","A003470","유안타증권","","BLANK","79"
"2022-10-25","ALL","OP(FY1_1M_CHG)","A003490","대한항공","5.87351995608876","OK","80"
"2022-10-25","ALL","OP(FY1_1M_CHG)","A003520","영진약품","","BLANK","81"
"2022-10-25","ALL","OP(FY1_1M_CHG)","A003530","한화투자증권","","BLANK","82"
"2022-10-25","ALL","OP(FY1_1M_CHG)","A003540","대신증권","0","OK","83"
"2022-10-25","ALL","OP(FY1_1M_CHG)","A003550","LG","-2.69605398756691","OK","84"
"2022-10-25","ALL","OP(FY1_1M_CHG)","A003570","SNT다이내믹스","","BLANK","85"
"2022-10-25","ALL","OP(FY1_1M_CHG)","A003580","HLB글로벌","","BLANK","86"
"2022-10-25","ALL","OP(FY1_1M_CHG)","A003610","방림","","BLANK","87"
"2022-10-25","ALL","OP(FY1_1M_CHG)","A003620","KG모빌리티","","BLANK","88"
"2022-10-25","ALL","OP(FY1_1M_CHG)","A003670","포스코퓨처엠","32.4597777409189","OK","89"
"2022-10-25","ALL","OP(FY1_1M_CHG)","A003690","코리안리","","BLANK","90"
"2022-10-25","ALL","OP(FY1_1M_CHG)","A003800","에이스침대","","BLANK","91"
"2022-10-25","ALL","OP(FY1_1M_CHG)","A003850","보령","-2.99509001636661","OK","92"
"2022-10-25","ALL","OP(FY1_1M_CHG)","A003920","남양유업","","BLANK","93"
"2022-10-25","ALL","OP(FY1_1M_CHG)","A004000","롯데정밀화학","3.43952431596248","OK","94"
"2022-10-25","ALL","OP(FY1_1M_CHG)","A004020","현대제철","-7.75613634105139","OK","95"
"2022-10-25","ALL","OP(FY1_1M_CHG)","A004170","신세계","3.85378987734233","OK","96"
"2022-10-25","ALL","OP(FY1_1M_CHG)","A004250","NPC","","BLANK","97"
"2022-10-25","ALL","OP(FY1_1M_CHG)","A004360","세방","","BLANK","98"
"2022-10-25","ALL","OP(FY1_1M_CHG)","A004370","농심",".504880511612255","OK","99"
"2022-10-25","ALL","OP(FY1_1M_CHG)","A004430","송원산업","0","OK","100"
"2022-10-25","ALL","OP(FY1_1M_CHG)","A004490","세방전지","","BLANK","101"
"2022-10-25","ALL","OP(FY1_1M_CHG)","A004690","삼천리","","BLANK","102"
"2022-10-25","ALL","OP(FY1_1M_CHG)","A004700","조광피혁","","BLANK","103"
"2022-10-25","ALL","OP(FY1_1M_CHG)","A004800","효성","0","OK","104"
"2022-10-25","ALL","OP(FY1_1M_CHG)","A004890","동일산업","","BLANK","105"
"2022-10-25","ALL","OP(FY1_1M_CHG)","A004990","롯데지주","7.72453620699416","OK","106"
"2022-10-25","ALL","OP(FY1_1M_CHG)","A005070","코스모신소재","-10.7352595724689","OK","107"
"2022-10-25","ALL","OP(FY1_1M_CHG)","A005090","SGC에너지",".218662356799928","OK","108"
"2022-10-25","ALL","OP(FY1_1M_CHG)","A005180","빙그레","-4.27480916030534","OK","109"
"2022-10-25","ALL","OP(FY1_1M_CHG)","A005250","녹십자홀딩스","","BLANK","110"
"2022-10-25","ALL","OP(FY1_1M_CHG)","A005290","동진쎄미켐","","BLANK","111"
"2022-10-25","ALL","OP(FY1_1M_CHG)","A005300","롯데칠성","-.317486496515899","OK","112"
"2022-10-25","ALL","OP(FY1_1M_CHG)","A005380","현대차","-8.29231011306673","OK","113"
"2022-10-25","ALL","OP(FY1_1M_CHG)","A005420","코스모화학","0","OK","114"
"2022-10-25","ALL","OP(FY1_1M_CHG)","A005440","현대지에프홀딩스","-.141242937853099","OK","115"
"2022-10-25","ALL","OP(FY1_1M_CHG)","A005490","POSCO홀딩스","-13.9331534172488","OK","116"
"2022-10-25","ALL","OP(FY1_1M_CHG)","A005500","삼진제약","0","OK","117"
"2022-10-25","ALL","OP(FY1_1M_CHG)","A005610","삼립","3.43381686310064","OK","118"
"2022-10-25","ALL","OP(FY1_1M_CHG)","A005690","파미셀","","BLANK","119"
"2022-10-25","ALL","OP(FY1_1M_CHG)","A005810","풍산홀딩스","0","OK","120"
"2022-10-25","ALL","OP(FY1_1M_CHG)","A005830","DB손해보험","-.958809162320955","OK","121"
"2022-10-25","ALL","OP(FY1_1M_CHG)","A005850","에스엘","-1.07291273139402","OK","122"
"2022-10-25","ALL","OP(FY1_1M_CHG)","A005880","대한해운","1.67117398238679","OK","123"
"2022-10-25","ALL","OP(FY1_1M_CHG)","A005930","삼성전자","-8.4183565431021","OK","124"
"2022-10-25","ALL","OP(FY1_1M_CHG)","A005940","NH투자증권","-8.41874574051555","OK","125"
"2022-10-25","ALL","OP(FY1_1M_CHG)","A005950","이수화학","0","OK","126"
"2022-10-25","ALL","OP(FY1_1M_CHG)","A006040","동원산업","","BLANK","127"
"2022-10-25","ALL","OP(FY1_1M_CHG)","A006110","삼아알미늄","","BLANK","128"
"2022-10-25","ALL","OP(FY1_1M_CHG)","A006120","SK디스커버리","","BLANK","129"
"2022-10-25","ALL","OP(FY1_1M_CHG)","A006220","제주은행","","BLANK","130"
"2022-10-25","ALL","OP(FY1_1M_CHG)","A006260","LS","1.45566828407588","OK","131"
"2022-10-25","ALL","OP(FY1_1M_CHG)","A006280","녹십자","-1.56905674147053","OK","132"
"2022-10-25","ALL","OP(FY1_1M_CHG)","A006360","GS건설","-1.03473146915225","OK","133"
"2022-10-25","ALL","OP(FY1_1M_CHG)","A006400","삼성SDI","2.57151245459413","OK","134"
"2022-10-25","ALL","OP(FY1_1M_CHG)","A006650","대한유화","-91.7081260364842","OK","135"
"2022-10-25","ALL","OP(FY1_1M_CHG)","A006730","서부T&D","14.968152866242","OK","136"
"2022-10-25","ALL","OP(FY1_1M_CHG)","A006800","미래에셋증권","-3.32322348957072","OK","137"
"2022-10-25","ALL","OP(FY1_1M_CHG)","A007070","GS리테일",".456597838770218","OK","138"
"2022-10-25","ALL","OP(FY1_1M_CHG)","A007310","오뚜기","1.32013201320133","OK","139"
"2022-10-25","ALL","OP(FY1_1M_CHG)","A007340","DN오토모티브","","BLANK","140"
"2022-10-25","ALL","OP(FY1_1M_CHG)","A007390","네이처셀","","BLANK","141"
"2022-10-25","ALL","OP(FY1_1M_CHG)","A007460","에이프로젠","","BLANK","142"
"2022-10-25","ALL","OP(FY1_1M_CHG)","A007570","일양약품","","BLANK","143"
"2022-10-25","ALL","OP(FY1_1M_CHG)","A007660","이수페타시스","3.25801366263794","OK","144"
"2022-10-25","ALL","OP(FY1_1M_CHG)","A007690","국도화학","0","OK","145"
"2022-10-25","ALL","OP(FY1_1M_CHG)","A007700","F&F홀딩스","","BLANK","146"
"2022-10-25","ALL","OP(FY1_1M_CHG)","A007810","코리아써키트","0","OK","147"
"2022-10-25","ALL","OP(FY1_1M_CHG)","A008350","남선알미늄","","BLANK","148"
"2022-10-25","ALL","OP(FY1_1M_CHG)","A008490","서흥","1.12723686064534","OK","149"
"2022-10-25","ALL","OP(FY1_1M_CHG)","A008730","율촌화학","","BLANK","150"
"2022-10-25","ALL","OP(FY1_1M_CHG)","A008770","호텔신라","5.48446069469835","OK","151"
"2022-10-25","ALL","OP(FY1_1M_CHG)","A008930","한미사이언스","","BLANK","152"
"2022-10-25","ALL","OP(FY1_1M_CHG)","A009150","삼성전기","-4.27906607264614","OK","153"
"2022-10-25","ALL","OP(FY1_1M_CHG)","A009160","SIMPAC","","BLANK","154"
"2022-10-25","ALL","OP(FY1_1M_CHG)","A009240","한샘","-18.5340802987862","OK","155"
"2022-10-25","ALL","OP(FY1_1M_CHG)","A009290","광동제약","","BLANK","156"
"2022-10-25","ALL","OP(FY1_1M_CHG)","A009420","한올바이오파마","-1.08487555839183","OK","157"
"2022-10-25","ALL","OP(FY1_1M_CHG)","A009450","경동나비엔","","BLANK","158"
"2022-10-25","ALL","OP(FY1_1M_CHG)","A009520","포스코엠텍","-38.8059701492537","OK","159"
"2022-10-25","ALL","OP(FY1_1M_CHG)","A009540","HD한국조선해양","-.268628825040873","OK","160"
"2022-10-25","ALL","OP(FY1_1M_CHG)","A009580","무림P&P","0","OK","161"
"2022-10-25","ALL","OP(FY1_1M_CHG)","A009830","한화솔루션","6.34811090297633","OK","162"
"2022-10-25","ALL","OP(FY1_1M_CHG)","A009900","명신산업","","BLANK","163"
"2022-10-25","ALL","OP(FY1_1M_CHG)","A009970","영원무역홀딩스","2.67235092836708","OK","164"
"2022-10-25","ALL","OP(FY1_1M_CHG)","A010060","OCI홀딩스","0","OK","165"
"2022-10-25","ALL","OP(FY1_1M_CHG)","A010120","LS ELECTRIC","0","OK","166"
"2022-10-25","ALL","OP(FY1_1M_CHG)","A010130","고려아연","-1.82914810580674","OK","167"
"2022-10-25","ALL","OP(FY1_1M_CHG)","A010140","삼성중공업","-12.7805019444914","OK","168"
"2022-10-25","ALL","OP(FY1_1M_CHG)","A010690","화신","8.65874363327675","OK","169"
"2022-10-25","ALL","OP(FY1_1M_CHG)","A010780","아이에스동서","-2.64818880351262","OK","170"
"2022-10-25","ALL","OP(FY1_1M_CHG)","A010950","S-Oil","-9.02488514145736","OK","171"
"2022-10-25","ALL","OP(FY1_1M_CHG)","A011000","진원생명과학","","BLANK","172"
"2022-10-25","ALL","OP(FY1_1M_CHG)","A011070","LG이노텍","2.56486580344298","OK","173"
"2022-10-25","ALL","OP(FY1_1M_CHG)","A011170","롯데케미칼","-126.302799520485","OK","174"
"2022-10-25","ALL","OP(FY1_1M_CHG)","A011200","HMM","-1.48473968517908","OK","175"
"2022-10-25","ALL","OP(FY1_1M_CHG)","A011210","현대위아","3.03178920148023","OK","176"
"2022-10-25","ALL","OP(FY1_1M_CHG)","A011780","금호석유화학","-3.10685335298453","OK","177"
"2022-10-25","ALL","OP(FY1_1M_CHG)","A011790","SKC","-11.6716056034483","OK","178"
"2022-10-25","ALL","OP(FY1_1M_CHG)","A011930","신성이엔지","0","OK","179"
"2022-10-25","ALL","OP(FY1_1M_CHG)","A012330","현대모비스","3.39396572190596","OK","180"
"2022-10-25","ALL","OP(FY1_1M_CHG)","A012450","한화에어로스페이스",".748510616630189","OK","181"
"2022-10-25","ALL","OP(FY1_1M_CHG)","A012510","더존비즈온","-3.96851975887474","OK","182"
"2022-10-25","ALL","OP(FY1_1M_CHG)","A012630","HDC","","BLANK","183"
"2022-10-25","ALL","OP(FY1_1M_CHG)","A012750","에스원","0","OK","184"
"2022-10-25","ALL","OP(FY1_1M_CHG)","A013030","하이록코리아","-40.25","OK","185"
"2022-10-25","ALL","OP(FY1_1M_CHG)","A013120","동원개발","","BLANK","186"
"2022-10-25","ALL","OP(FY1_1M_CHG)","A013890","지누스","0","OK","187"
"2022-10-25","ALL","OP(FY1_1M_CHG)","A014620","성광벤드","0","OK","188"
"2022-10-25","ALL","OP(FY1_1M_CHG)","A014680","한솔케미칼","-1.72940436618453","OK","189"
"2022-10-25","ALL","OP(FY1_1M_CHG)","A014820","동원시스템즈","","BLANK","190"
"2022-10-25","ALL","OP(FY1_1M_CHG)","A014830","유니드","-5.98364184244512","OK","191"
"2022-10-25","ALL","OP(FY1_1M_CHG)","A015750","성우하이텍","","BLANK","192"
"2022-10-25","ALL","OP(FY1_1M_CHG)","A015760","한국전력","-4.4468398476126","OK","193"
"2022-10-25","ALL","OP(FY1_1M_CHG)","A016360","삼성증권","-4.45879072571529","OK","194"
"2022-10-25","ALL","OP(FY1_1M_CHG)","A016380","KG스틸","","BLANK","195"
"2022-10-25","ALL","OP(FY1_1M_CHG)","A016580","환인제약","0","OK","196"
"2022-10-25","ALL","OP(FY1_1M_CHG)","A016590","신대양제지","","BLANK","197"
"2022-10-25","ALL","OP(FY1_1M_CHG)","A016710","대성홀딩스","","BLANK","198"
"2022-10-25","ALL","OP(FY1_1M_CHG)","A016790","현대사료","","BLANK","199"
"2022-10-25","ALL","OP(FY1_1M_CHG)","A016800","퍼시스","0","OK","200"
"2022-10-25","ALL","OP(FY1_1M_CHG)","A017390","서울가스","","BLANK","201"
"2022-10-25","ALL","OP(FY1_1M_CHG)","A017670","SK텔레콤","-8.49531262152229E-02","OK","202"
"2022-10-25","ALL","OP(FY1_1M_CHG)","A017800","현대엘리베이터","","BLANK","203"
"2022-10-25","ALL","OP(FY1_1M_CHG)","A017810","풀무원","2.81007751937984","OK","204"
"2022-10-25","ALL","OP(FY1_1M_CHG)","A017940","E1","","BLANK","205"
"2022-10-25","ALL","OP(FY1_1M_CHG)","A017960","한국카본","-1.28205128205128","OK","206"
"2022-10-25","ALL","OP(FY1_1M_CHG)","A018250","애경산업","7.17213114754099","OK","207"
"2022-10-25","ALL","OP(FY1_1M_CHG)","A018260","삼성에스디에스","-1.47287584916806","OK","208"
"2022-10-25","ALL","OP(FY1_1M_CHG)","A018470","조일알미늄","","BLANK","209"
"2022-10-25","ALL","OP(FY1_1M_CHG)","A018670","SK가스","-3.23020928116471","OK","210"
"2022-10-25","ALL","OP(FY1_1M_CHG)","A018880","한온시스템","-5.64144290751288","OK","211"
"2022-10-25","ALL","OP(FY1_1M_CHG)","A019170","신풍제약","","BLANK","212"
"2022-10-25","ALL","OP(FY1_1M_CHG)","A020000","한섬",".831435079726656","OK","213"
"2022-10-25","ALL","OP(FY1_1M_CHG)","A020150","롯데에너지머티리얼즈","-.68592057761732","OK","214"
"2022-10-25","ALL","OP(FY1_1M_CHG)","A020560","아시아나항공","0","OK","215"
"2022-10-25","ALL","OP(FY1_1M_CHG)","A021240","코웨이","-.36425938723796","OK","216"
"2022-10-25","ALL","OP(FY1_1M_CHG)","A022100","포스코DX","","BLANK","217"
"2022-10-25","ALL","OP(FY1_1M_CHG)","A023160","태광","0","OK","218"
"2022-10-25","ALL","OP(FY1_1M_CHG)","A023410","유진기업","","BLANK","219"
"2022-10-25","ALL","OP(FY1_1M_CHG)","A023530","롯데쇼핑","2.13741457983102","OK","220"
"2022-10-25","ALL","OP(FY1_1M_CHG)","A023590","다우기술","","BLANK","221"
"2022-10-25","ALL","OP(FY1_1M_CHG)","A024110","기업은행","1.34857335768844","OK","222"
"2022-10-25","ALL","OP(FY1_1M_CHG)","A024720","콜마홀딩스","","BLANK","223"
"2022-10-25","ALL","OP(FY1_1M_CHG)","A025540","한국단자","","BLANK","224"
"2022-10-25","ALL","OP(FY1_1M_CHG)","A025770","한국정보통신","","BLANK","225"
"2022-10-25","ALL","OP(FY1_1M_CHG)","A025860","남해화학","","BLANK","226"
"2022-10-25","ALL","OP(FY1_1M_CHG)","A025900","동화기업","0","OK","227"
"2022-10-25","ALL","OP(FY1_1M_CHG)","A025980","아난티","0","OK","228"
"2022-10-25","ALL","OP(FY1_1M_CHG)","A026960","동서","","BLANK","229"
"2022-10-25","ALL","OP(FY1_1M_CHG)","A027360","아주IB투자","","BLANK","230"
"2022-10-25","ALL","OP(FY1_1M_CHG)","A027410","BGF","","BLANK","231"
"2022-10-25","ALL","OP(FY1_1M_CHG)","A028050","삼성E&A",".310260650444903","OK","232"
"2022-10-25","ALL","OP(FY1_1M_CHG)","A028260","삼성물산",".111538841180535","OK","233"
"2022-10-25","ALL","OP(FY1_1M_CHG)","A028300","HLB","","BLANK","234"
"2022-10-25","ALL","OP(FY1_1M_CHG)","A028670","팬오션",".880960389123187","OK","235"
"2022-10-25","ALL","OP(FY1_1M_CHG)","A029530","신도리코","","BLANK","236"
"2022-10-25","ALL","OP(FY1_1M_CHG)","A029780","삼성카드","-.447721885699233","OK","237"
"2022-10-25","ALL","OP(FY1_1M_CHG)","A030000","제일기획","1.58031416265518","OK","238"
"2022-10-25","ALL","OP(FY1_1M_CHG)","A030190","NICE평가정보","0","OK","239"
"2022-10-25","ALL","OP(FY1_1M_CHG)","A030200","KT","-.447938264350097","OK","240"
"2022-10-25","ALL","OP(FY1_1M_CHG)","A030520","한컴","-3.49075975359343","OK","241"
"2022-10-25","ALL","OP(FY1_1M_CHG)","A030610","교보증권","","BLANK","242"
"2022-10-25","ALL","OP(FY1_1M_CHG)","A030960","양지사","","BLANK","243"
"2022-10-25","ALL","OP(FY1_1M_CHG)","A031330","에스에이엠티","","BLANK","244"
"2022-10-25","ALL","OP(FY1_1M_CHG)","A031430","신세계인터내셔날","2.6984950700571","OK","245"
"2022-10-25","ALL","OP(FY1_1M_CHG)","A032190","다우데이타","","BLANK","246"
"2022-10-25","ALL","OP(FY1_1M_CHG)","A032350","롯데관광개발","-29.9703726804928","OK","247"
"2022-10-25","ALL","OP(FY1_1M_CHG)","A032500","케이엠더블유","0","OK","248"
"2022-10-25","ALL","OP(FY1_1M_CHG)","A032640","LG유플러스",".708256043487317","OK","249"
"2022-10-25","ALL","OP(FY1_1M_CHG)","A032830","삼성생명","36.2136457977564","OK","250"
"2022-10-25","ALL","OP(FY1_1M_CHG)","A033240","자화전자","","BLANK","251"
"2022-10-25","ALL","OP(FY1_1M_CHG)","A033270","유나이티드제약","","BLANK","252"
"2022-10-25","ALL","OP(FY1_1M_CHG)","A033290","로젠","","BLANK","253"
"2022-10-25","ALL","OP(FY1_1M_CHG)","A033500","동성화인텍","0","OK","254"
"2022-10-25","ALL","OP(FY1_1M_CHG)","A033640","네패스","","BLANK","255"
"2022-10-25","ALL","OP(FY1_1M_CHG)","A033780","KT&G","-.290534346630398","OK","256"
"2022-10-25","ALL","OP(FY1_1M_CHG)","A034020","두산에너빌리티","","BLANK","257"
"2022-10-25","ALL","OP(FY1_1M_CHG)","A034120","SBS","-.645906407733763","OK","258"
"2022-10-25","ALL","OP(FY1_1M_CHG)","A034220","LG디스플레이","-79.4293895383162","OK","259"
"2022-10-25","ALL","OP(FY1_1M_CHG)","A034230","파라다이스","86.508875739645","OK","260"
"2022-10-25","ALL","OP(FY1_1M_CHG)","A034310","NICE","","BLANK","261"
"2022-10-25","ALL","OP(FY1_1M_CHG)","A034730","SK",".982605125329211","OK","262"
"2022-10-25","ALL","OP(FY1_1M_CHG)","A034810","해성산업","","BLANK","263"
"2022-10-25","ALL","OP(FY1_1M_CHG)","A034830","한국토지신탁","0","OK","264"
"2022-10-25","ALL","OP(FY1_1M_CHG)","A034950","한국기업평가","","BLANK","265"
"2022-10-25","ALL","OP(FY1_1M_CHG)","A035250","강원랜드","-.556992956734208","OK","266"
"2022-10-25","ALL","OP(FY1_1M_CHG)","A035420","NAVER","-3.96859882390429","OK","267"
"2022-10-25","ALL","OP(FY1_1M_CHG)","A035600","KG이니시스","-1.38888888888889","OK","268"
"2022-10-25","ALL","OP(FY1_1M_CHG)","A035720","카카오","-5.14077037713305","OK","269"
"2022-10-25","ALL","OP(FY1_1M_CHG)","A035760","CJ ENM","-4.81239485112877","OK","270"
"2022-10-25","ALL","OP(FY1_1M_CHG)","A035890","서희건설","","BLANK","271"
"2022-10-25","ALL","OP(FY1_1M_CHG)","A035900","JYP Ent.","1.89271149220956","OK","272"
"2022-10-25","ALL","OP(FY1_1M_CHG)","A036420","콘텐트리중앙","-53.3947065592635","OK","273"
"2022-10-25","ALL","OP(FY1_1M_CHG)","A036460","한국가스공사","-2.96963365054851","OK","274"
"2022-10-25","ALL","OP(FY1_1M_CHG)","A036540","SFA반도체","-4.66509988249119","OK","275"
"2022-10-25","ALL","OP(FY1_1M_CHG)","A036570","NC","-1.08649415101028","OK","276"
"2022-10-25","ALL","OP(FY1_1M_CHG)","A036800","나이스정보통신","8.9567966280295","OK","277"
"2022-10-25","ALL","OP(FY1_1M_CHG)","A036830","솔브레인홀딩스","","BLANK","278"
"2022-10-25","ALL","OP(FY1_1M_CHG)","A036930","주성엔지니어링","-.466744457409575","OK","279"
"2022-10-25","ALL","OP(FY1_1M_CHG)","A037270","YG PLUS","","BLANK","280"
"2022-10-25","ALL","OP(FY1_1M_CHG)","A037560","LG헬로비전","-1.30118637581324","OK","281"
"2022-10-25","ALL","OP(FY1_1M_CHG)","A037710","광주신세계","","BLANK","282"
"2022-10-25","ALL","OP(FY1_1M_CHG)","A038500","삼표시멘트","","BLANK","283"
"2022-10-25","ALL","OP(FY1_1M_CHG)","A038540","상상인","","BLANK","284"
"2022-10-25","ALL","OP(FY1_1M_CHG)","A039030","이오테크닉스","26.0770975056689","OK","285"
"2022-10-25","ALL","OP(FY1_1M_CHG)","A039130","하나투어","-13.9316734221193","OK","286"
"2022-10-25","ALL","OP(FY1_1M_CHG)","A039200","오스코텍","","BLANK","287"
"2022-10-25","ALL","OP(FY1_1M_CHG)","A039490","키움증권","-8.122380661987","OK","288"
"2022-10-25","ALL","OP(FY1_1M_CHG)","A039840","디오","0","OK","289"
"2022-10-25","ALL","OP(FY1_1M_CHG)","A041190","우리기술투자","","BLANK","290"
"2022-10-25","ALL","OP(FY1_1M_CHG)","A041510","에스엠","-1.01522842639594","OK","291"
"2022-10-25","ALL","OP(FY1_1M_CHG)","A041830","인바디","-2.19512195121951","OK","292"
"2022-10-25","ALL","OP(FY1_1M_CHG)","A041960","코미팜","","BLANK","293"
"2022-10-25","ALL","OP(FY1_1M_CHG)","A042660","한화오션","-12.6633602432755","OK","294"
"2022-10-25","ALL","OP(FY1_1M_CHG)","A042700","한미반도체","-15.1048951048951","OK","295"
"2022-10-25","ALL","OP(FY1_1M_CHG)","A043150","바텍","1.03801563763817","OK","296"
"2022-10-25","ALL","OP(FY1_1M_CHG)","A046890","서울반도체","21.1219719507012","OK","297"
"2022-10-25","ALL","OP(FY1_1M_CHG)","A047040","대우건설","-4.43885721127225","OK","298"
"2022-10-25","ALL","OP(FY1_1M_CHG)","A047050","포스코인터내셔널","-.672650497591605","OK","299"
"2022-10-25","ALL","OP(FY1_1M_CHG)","A047810","한국항공우주","-2.9451969678141","OK","300"
"2022-10-25","ALL","OP(FY1_1M_CHG)","A047920","HLB제약","","BLANK","301"
"2022-10-25","ALL","OP(FY1_1M_CHG)","A048410","현대바이오","","BLANK","302"
"2022-10-25","ALL","OP(FY1_1M_CHG)","A048530","인트론바이오","","BLANK","303"
"2022-10-25","ALL","OP(FY1_1M_CHG)","A048550","SM C&C","","BLANK","304"
"2022-10-25","ALL","OP(FY1_1M_CHG)","A048870","시너지이노베이션","","BLANK","305"
"2022-10-25","ALL","OP(FY1_1M_CHG)","A049070","인탑스","-5.99187542315504","OK","306"
"2022-10-25","ALL","OP(FY1_1M_CHG)","A051500","CJ프레시웨이","3.4935379644588","OK","307"
"2022-10-25","ALL","OP(FY1_1M_CHG)","A051600","한전KPS","-4.03109045187838","OK","308"
"2022-10-25","ALL","OP(FY1_1M_CHG)","A051900","LG생활건강","-3.93816835755416","OK","309"
"2022-10-25","ALL","OP(FY1_1M_CHG)","A051910","LG화학","-2.82977867637731","OK","310"
"2022-10-25","ALL","OP(FY1_1M_CHG)","A052020","에스티큐브","","BLANK","311"
"2022-10-25","ALL","OP(FY1_1M_CHG)","A052690","한전기술","42.6056338028169","OK","312"
"2022-10-25","ALL","OP(FY1_1M_CHG)","A053030","바이넥스","6.04118993135012","OK","313"
"2022-10-25","ALL","OP(FY1_1M_CHG)","A053210","스카이라이프","0","OK","314"
"2022-10-25","ALL","OP(FY1_1M_CHG)","A053690","한미글로벌","","BLANK","315"
"2022-10-25","ALL","OP(FY1_1M_CHG)","A053800","안랩","","BLANK","316"
"2022-10-25","ALL","OP(FY1_1M_CHG)","A054210","이랜텍","0","OK","317"
"2022-10-25","ALL","OP(FY1_1M_CHG)","A055490","테이팩스","-13.8643067846608","OK","318"
"2022-10-25","ALL","OP(FY1_1M_CHG)","A055550","신한지주","-.69619456567235","OK","319"
"2022-10-25","ALL","OP(FY1_1M_CHG)","A056190","SFA","-1.46086789922407","OK","320"
"2022-10-25","ALL","OP(FY1_1M_CHG)","A057050","현대홈쇼핑","-3.91472868217054","OK","321"
"2022-10-25","ALL","OP(FY1_1M_CHG)","A058470","리노공업","-.227515108425164","OK","322"
"2022-10-25","ALL","OP(FY1_1M_CHG)","A058610","에스피지","-6.64605873261206","OK","323"
"2022-10-25","ALL","OP(FY1_1M_CHG)","A058650","세아홀딩스","","BLANK","324"
"2022-10-25","ALL","OP(FY1_1M_CHG)","A058820","CMG제약","","BLANK","325"
"2022-10-25","ALL","OP(FY1_1M_CHG)","A059090","미코","","BLANK","326"
"2022-10-25","ALL","OP(FY1_1M_CHG)","A060150","인선이엔티","0","OK","327"
"2022-10-25","ALL","OP(FY1_1M_CHG)","A060250","NHN KCP",".795997270866503","OK","328"
"2022-10-25","ALL","OP(FY1_1M_CHG)","A060280","큐렉소","","BLANK","329"
"2022-10-25","ALL","OP(FY1_1M_CHG)","A060720","KH바텍","-6.50887573964497","OK","330"
"2022-10-25","ALL","OP(FY1_1M_CHG)","A060980","HL홀딩스","0","OK","331"
"2022-10-25","ALL","OP(FY1_1M_CHG)","A061970","LB세미콘","-6.42325895875592","OK","332"
"2022-10-25","ALL","OP(FY1_1M_CHG)","A063080","컴투스홀딩스","0","OK","333"
"2022-10-25","ALL","OP(FY1_1M_CHG)","A063170","서울옥션","","BLANK","334"
"2022-10-25","ALL","OP(FY1_1M_CHG)","A064260","다날","","BLANK","335"
"2022-10-25","ALL","OP(FY1_1M_CHG)","A064350","현대로템","1.23505041819744","OK","336"
"2022-10-25","ALL","OP(FY1_1M_CHG)","A064550","바이오니아","21.7054263565891","OK","337"
"2022-10-25","ALL","OP(FY1_1M_CHG)","A064760","티씨케이","-.847521755580783","OK","338"
"2022-10-25","ALL","OP(FY1_1M_CHG)","A064960","SNT모티브",".813480534572912","OK","339"
"2022-10-25","ALL","OP(FY1_1M_CHG)","A065350","신성델타테크","","BLANK","340"
"2022-10-25","ALL","OP(FY1_1M_CHG)","A066570","LG전자","-3.6788868003624","OK","341"
"2022-10-25","ALL","OP(FY1_1M_CHG)","A066970","엘앤에프","1.46985301469854","OK","342"
"2022-10-25","ALL","OP(FY1_1M_CHG)","A067000","조이시티","0","OK","343"
"2022-10-25","ALL","OP(FY1_1M_CHG)","A067160","SOOP","-2.61237440507668","OK","344"
"2022-10-25","ALL","OP(FY1_1M_CHG)","A067310","하나마이크론","","BLANK","345"
"2022-10-25","ALL","OP(FY1_1M_CHG)","A067630","HLB생명과학","","BLANK","346"
"2022-10-25","ALL","OP(FY1_1M_CHG)","A068240","다원시스","","BLANK","347"
"2022-10-25","ALL","OP(FY1_1M_CHG)","A068270","셀트리온","-1.25068317297305","OK","348"
"2022-10-25","ALL","OP(FY1_1M_CHG)","A068760","셀트리온제약","","BLANK","349"
"2022-10-25","ALL","OP(FY1_1M_CHG)","A069080","웹젠","-6.30715862503942","OK","350"
"2022-10-25","ALL","OP(FY1_1M_CHG)","A069260","TKG휴켐스","-2.59346581340518","OK","351"
"2022-10-25","ALL","OP(FY1_1M_CHG)","A069620","대웅제약","-1.10648918469218","OK","352"
"2022-10-25","ALL","OP(FY1_1M_CHG)","A069960","현대백화점","5.92090331366319","OK","353"
"2022-10-25","ALL","OP(FY1_1M_CHG)","A071050","한국금융지주","-9.54495426771415","OK","354"
"2022-10-25","ALL","OP(FY1_1M_CHG)","A071320","지역난방공사","0","OK","355"
"2022-10-25","ALL","OP(FY1_1M_CHG)","A071840","롯데하이마트","-41.5951972555746","OK","356"
"2022-10-25","ALL","OP(FY1_1M_CHG)","A072710","농심홀딩스","","BLANK","357"
"2022-10-25","ALL","OP(FY1_1M_CHG)","A073240","금호타이어","","BLANK","358"
"2022-10-25","ALL","OP(FY1_1M_CHG)","A074600","원익QnC","1.70343932511356","OK","359"
"2022-10-25","ALL","OP(FY1_1M_CHG)","A074610","이엔플러스","","BLANK","360"
"2022-10-25","ALL","OP(FY1_1M_CHG)","A075580","세진중공업","0","OK","361"
"2022-10-25","ALL","OP(FY1_1M_CHG)","A077360","덕산하이메탈","-5.29411764705882","OK","362"
"2022-10-25","ALL","OP(FY1_1M_CHG)","A077970","STX엔진","","BLANK","363"
"2022-10-25","ALL","OP(FY1_1M_CHG)","A078020","LS증권","","BLANK","364"
"2022-10-25","ALL","OP(FY1_1M_CHG)","A078070","유비쿼스홀딩스","","BLANK","365"
"2022-10-25","ALL","OP(FY1_1M_CHG)","A078130","국일제지","","BLANK","366"
"2022-10-25","ALL","OP(FY1_1M_CHG)","A078340","컴투스","-10.5712166172107","OK","367"
"2022-10-25","ALL","OP(FY1_1M_CHG)","A078590","휴림에이텍","","BLANK","368"
"2022-10-25","ALL","OP(FY1_1M_CHG)","A078600","대주전자재료","-4.16666666666666","OK","369"
"2022-10-25","ALL","OP(FY1_1M_CHG)","A078930","GS","-1.57740451481759","OK","370"
"2022-10-25","ALL","OP(FY1_1M_CHG)","A079160","CJ CGV","-58.3950617283951","OK","371"
"2022-10-25","ALL","OP(FY1_1M_CHG)","A079550","LIG디펜스앤에어로스페이스","1.95828248086098","OK","372"
"2022-10-25","ALL","OP(FY1_1M_CHG)","A080160","모두투어","-55.0985432733505","OK","373"
"2022-10-25","ALL","OP(FY1_1M_CHG)","A080580","오킨스전자","","BLANK","374"
"2022-10-25","ALL","OP(FY1_1M_CHG)","A081660","미스토홀딩스","1.39881131056013","OK","375"
"2022-10-25","ALL","OP(FY1_1M_CHG)","A082270","젬백스","","BLANK","376"
"2022-10-25","ALL","OP(FY1_1M_CHG)","A082640","동양생명","-1.21173196317706","OK","377"
"2022-10-25","ALL","OP(FY1_1M_CHG)","A082740","한화엔진","-61.9402985074627","OK","378"
"2022-10-25","ALL","OP(FY1_1M_CHG)","A082920","비츠로셀","0","OK","379"
"2022-10-25","ALL","OP(FY1_1M_CHG)","A083420","그린케미칼","","BLANK","380"
"2022-10-25","ALL","OP(FY1_1M_CHG)","A084010","대한제강","-4.18002704268882","OK","381"
"2022-10-25","ALL","OP(FY1_1M_CHG)","A084370","유진테크","0","OK","382"
"2022-10-25","ALL","OP(FY1_1M_CHG)","A084690","대상홀딩스","","BLANK","383"
"2022-10-25","ALL","OP(FY1_1M_CHG)","A084850","아이티엠반도체","0","OK","384"
"2022-10-25","ALL","OP(FY1_1M_CHG)","A084990","헬릭스미스","","BLANK","385"
"2022-10-25","ALL","OP(FY1_1M_CHG)","A085620","미래에셋생명","0","OK","386"
"2022-10-25","ALL","OP(FY1_1M_CHG)","A085660","차바이오텍","","BLANK","387"
"2022-10-25","ALL","OP(FY1_1M_CHG)","A086280","현대글로비스","1.71784372937391","OK","388"
"2022-10-25","ALL","OP(FY1_1M_CHG)","A086390","유니테스트","0","OK","389"
"2022-10-25","ALL","OP(FY1_1M_CHG)","A086450","동국제약","-4.60681114551083","OK","390"
"2022-10-25","ALL","OP(FY1_1M_CHG)","A086520","에코프로","1.4807381162062","OK","391"
"2022-10-25","ALL","OP(FY1_1M_CHG)","A086790","하나금융지주","-1.588680163881","OK","392"
"2022-10-25","ALL","OP(FY1_1M_CHG)","A086900","메디톡스","3.54223433242506","OK","393"
"2022-10-25","ALL","OP(FY1_1M_CHG)","A088350","한화생명","0","OK","394"
"2022-10-25","ALL","OP(FY1_1M_CHG)","A089590","제주항공","-15.0698943061712","OK","395"
"2022-10-25","ALL","OP(FY1_1M_CHG)","A089600","KT나스미디어","-1.75879396984924","OK","396"
"2022-10-25","ALL","OP(FY1_1M_CHG)","A089860","롯데렌탈",".872854233343028","OK","397"
"2022-10-25","ALL","OP(FY1_1M_CHG)","A089970","브이엠","","BLANK","398"
"2022-10-25","ALL","OP(FY1_1M_CHG)","A089980","상아프론테크","","BLANK","399"
"2022-10-25","ALL","OP(FY1_1M_CHG)","A090430","아모레퍼시픽","-9.64890642986351","OK","400"
"2022-10-25","ALL","OP(FY1_1M_CHG)","A090460","비에이치","2.93119206162683","OK","401"
"2022-10-25","ALL","OP(FY1_1M_CHG)","A090710","휴림로봇","","BLANK","402"
"2022-10-25","ALL","OP(FY1_1M_CHG)","A091120","이엠텍","","BLANK","403"
"2022-10-25","ALL","OP(FY1_1M_CHG)","A091700","파트론","-8.21965722280518","OK","404"
"2022-10-25","ALL","OP(FY1_1M_CHG)","A091810","트리니티항공","","BLANK","405"
"2022-10-25","ALL","OP(FY1_1M_CHG)","A092040","아미코젠","","BLANK","406"
"2022-10-25","ALL","OP(FY1_1M_CHG)","A092220","KEC","","BLANK","407"
"2022-10-25","ALL","OP(FY1_1M_CHG)","A093050","LF","","BLANK","408"
"2022-10-25","ALL","OP(FY1_1M_CHG)","A093320","케이아이엔엑스","","BLANK","409"
"2022-10-25","ALL","OP(FY1_1M_CHG)","A093370","후성","-15.4829931972789","OK","410"
"2022-10-25","ALL","OP(FY1_1M_CHG)","A095340","ISC","-8.69565217391305","OK","411"
"2022-10-25","ALL","OP(FY1_1M_CHG)","A095500","미래나노텍","","BLANK","412"
"2022-10-25","ALL","OP(FY1_1M_CHG)","A095570","AJ네트웍스","0","OK","413"
"2022-10-25","ALL","OP(FY1_1M_CHG)","A095610","테스","-12.2965641952984","OK","414"
"2022-10-25","ALL","OP(FY1_1M_CHG)","A095660","네오위즈","-9.39093104373491","OK","415"
"2022-10-25","ALL","OP(FY1_1M_CHG)","A095700","제넥신","","BLANK","416"
"2022-10-25","ALL","OP(FY1_1M_CHG)","A095720","웅진씽크빅","-7.00000000000001","OK","417"
"2022-10-25","ALL","OP(FY1_1M_CHG)","A096530","씨젠","0","OK","418"
"2022-10-25","ALL","OP(FY1_1M_CHG)","A096770","SK이노베이션","-8.71368012154614","OK","419"
"2022-10-25","ALL","OP(FY1_1M_CHG)","A097230","HJ중공업","","BLANK","420"
"2022-10-25","ALL","OP(FY1_1M_CHG)","A097520","엠씨넥스","0","OK","421"
"2022-10-25","ALL","OP(FY1_1M_CHG)","A097950","CJ제일제당","1.37404580152671","OK","422"
"2022-10-25","ALL","OP(FY1_1M_CHG)","A098460","고영","-6.56151419558359","OK","423"
"2022-10-25","ALL","OP(FY1_1M_CHG)","A099190","아이센스","-2.11480362537765","OK","424"
"2022-10-25","ALL","OP(FY1_1M_CHG)","A099430","바이오플러스","-1.06647707074298","OK","425"
"2022-10-25","ALL","OP(FY1_1M_CHG)","A100090","SK오션플랜트","4.07589599437806","OK","426"
"2022-10-25","ALL","OP(FY1_1M_CHG)","A100120","뷰웍스","0","OK","427"
"2022-10-25","ALL","OP(FY1_1M_CHG)","A100130","동국S&C","0","OK","428"
"2022-10-25","ALL","OP(FY1_1M_CHG)","A101160","월덱스","","BLANK","429"
"2022-10-25","ALL","OP(FY1_1M_CHG)","A101360","에코앤드림","","BLANK","430"
"2022-10-25","ALL","OP(FY1_1M_CHG)","A101490","에스앤에스텍","","BLANK","431"
"2022-10-25","ALL","OP(FY1_1M_CHG)","A101730","위메이드맥스","","BLANK","432"
"2022-10-25","ALL","OP(FY1_1M_CHG)","A102460","이연제약","","BLANK","433"
"2022-10-25","ALL","OP(FY1_1M_CHG)","A102710","이엔에프테크놀로지","","BLANK","434"
"2022-10-25","ALL","OP(FY1_1M_CHG)","A102940","코오롱생명과학","","BLANK","435"
"2022-10-25","ALL","OP(FY1_1M_CHG)","A103140","풍산","-.9905716672634","OK","436"
"2022-10-25","ALL","OP(FY1_1M_CHG)","A104460","디와이피엔에프","","BLANK","437"
"2022-10-25","ALL","OP(FY1_1M_CHG)","A104480","티케이케미칼","","BLANK","438"
"2022-10-25","ALL","OP(FY1_1M_CHG)","A104830","원익머트리얼즈","3.87673956262424","OK","439"
"2022-10-25","ALL","OP(FY1_1M_CHG)","A105560","KB금융","-4.24302425081155","OK","440"
"2022-10-25","ALL","OP(FY1_1M_CHG)","A105630","한세실업","4.71520611209306","OK","441"
"2022-10-25","ALL","OP(FY1_1M_CHG)","A107590","미원홀딩스","","BLANK","442"
"2022-10-25","ALL","OP(FY1_1M_CHG)","A107600","새빗켐","-2.0618556701031","OK","443"
"2022-10-25","ALL","OP(FY1_1M_CHG)","A108230","톱텍","","BLANK","444"
"2022-10-25","ALL","OP(FY1_1M_CHG)","A108320","LX세미콘","-1.37774984286613","OK","445"
"2022-10-25","ALL","OP(FY1_1M_CHG)","A108490","로보티즈","0","OK","446"
"2022-10-25","ALL","OP(FY1_1M_CHG)","A108670","LX하우시스","-8.88586956521738","OK","447"
"2022-10-25","ALL","OP(FY1_1M_CHG)","A111770","영원무역","4.99061350153939","OK","448"
"2022-10-25","ALL","OP(FY1_1M_CHG)","A112040","위메이드","-84.8776871756857","OK","449"
"2022-10-25","ALL","OP(FY1_1M_CHG)","A112610","씨에스윈드","-6.3434153230552","OK","450"
"2022-10-25","ALL","OP(FY1_1M_CHG)","A114090","GKL","17.5429975429975","OK","451"
"2022-10-25","ALL","OP(FY1_1M_CHG)","A115450","HLB테라퓨틱스","","BLANK","452"
"2022-10-25","ALL","OP(FY1_1M_CHG)","A117580","대성에너지","","BLANK","453"
"2022-10-25","ALL","OP(FY1_1M_CHG)","A118990","모트렉스","","BLANK","454"
"2022-10-25","ALL","OP(FY1_1M_CHG)","A119610","인터로조","0","OK","455"
"2022-10-25","ALL","OP(FY1_1M_CHG)","A120110","코오롱인더","-2.38960537741614","OK","456"
"2022-10-25","ALL","OP(FY1_1M_CHG)","A121600","나노신소재","15.5124653739612","OK","457"
"2022-10-25","ALL","OP(FY1_1M_CHG)","A122450","KX","","BLANK","458"
"2022-10-25","ALL","OP(FY1_1M_CHG)","A122870","와이지엔터테인먼트","1.07601527247484","OK","459"
"2022-10-25","ALL","OP(FY1_1M_CHG)","A122900","아이마켓코리아","0","OK","460"
"2022-10-25","ALL","OP(FY1_1M_CHG)","A123860","아나패스","","BLANK","461"
"2022-10-25","ALL","OP(FY1_1M_CHG)","A123890","한국자산신탁","-.93167701863354","OK","462"
"2022-10-25","ALL","OP(FY1_1M_CHG)","A126560","현대퓨처넷","","BLANK","463"
"2022-10-25","ALL","OP(FY1_1M_CHG)","A126720","수산인더스트리","-1.5358361774744","OK","464"
"2022-10-25","ALL","OP(FY1_1M_CHG)","A128940","한미약품","3.8577291381669","OK","465"
"2022-10-25","ALL","OP(FY1_1M_CHG)","A130660","한전산업","","BLANK","466"
"2022-10-25","ALL","OP(FY1_1M_CHG)","A131290","티에스이","-9.4143404488232","OK","467"
"2022-10-25","ALL","OP(FY1_1M_CHG)","A131970","두산테스나","","BLANK","468"
"2022-10-25","ALL","OP(FY1_1M_CHG)","A136480","하림","","BLANK","469"
"2022-10-25","ALL","OP(FY1_1M_CHG)","A137310","에스디바이오센서",".275879107304631","OK","470"
"2022-10-25","ALL","OP(FY1_1M_CHG)","A137400","피엔티","0","OK","471"
"2022-10-25","ALL","OP(FY1_1M_CHG)","A138040","메리츠금융지주","0","OK","472"
"2022-10-25","ALL","OP(FY1_1M_CHG)","A138930","BNK금융지주","-.149815800245594","OK","473"
"2022-10-25","ALL","OP(FY1_1M_CHG)","A139130","iM금융지주","-1.21268177380403","OK","474"
"2022-10-25","ALL","OP(FY1_1M_CHG)","A139480","이마트","1.67005097177904","OK","475"
"2022-10-25","ALL","OP(FY1_1M_CHG)","A140410","메지온","","BLANK","476"
"2022-10-25","ALL","OP(FY1_1M_CHG)","A140860","파크시스템스","28.2448979591837","OK","477"
"2022-10-25","ALL","OP(FY1_1M_CHG)","A141080","리가켐바이오","3.55191256830602","OK","478"
"2022-10-25","ALL","OP(FY1_1M_CHG)","A143240","사람인","-.349291144442165","OK","479"
"2022-10-25","ALL","OP(FY1_1M_CHG)","A144510","지씨셀","-20.8494208494208","OK","480"
"2022-10-25","ALL","OP(FY1_1M_CHG)","A145020","휴젤","1.3910019560965","OK","481"
"2022-10-25","ALL","OP(FY1_1M_CHG)","A145720","덴티움","-1.87893081761006","OK","482"
"2022-10-25","ALL","OP(FY1_1M_CHG)","A145990","삼양사","","BLANK","483"
"2022-10-25","ALL","OP(FY1_1M_CHG)","A149950","아바텍","","BLANK","484"
"2022-10-25","ALL","OP(FY1_1M_CHG)","A151860","KG에코솔루션","","BLANK","485"
"2022-10-25","ALL","OP(FY1_1M_CHG)","A161000","애경케미칼","","BLANK","486"
"2022-10-25","ALL","OP(FY1_1M_CHG)","A161390","한국타이어앤테크놀로지",".898842627386145","OK","487"
"2022-10-25","ALL","OP(FY1_1M_CHG)","A161890","한국콜마","-2.65531484447441","OK","488"
"2022-10-25","ALL","OP(FY1_1M_CHG)","A166090","하나머티리얼즈","-.803338549817419","OK","489"
"2022-10-25","ALL","OP(FY1_1M_CHG)","A170900","동아에스티","-4.03195131228604","OK","490"
"2022-10-25","ALL","OP(FY1_1M_CHG)","A174900","앱클론","","BLANK","491"
"2022-10-25","ALL","OP(FY1_1M_CHG)","A175330","JB금융지주","-.93415384615385","OK","492"
"2022-10-25","ALL","OP(FY1_1M_CHG)","A178320","서진시스템","0","OK","493"
"2022-10-25","ALL","OP(FY1_1M_CHG)","A178920","PI첨단소재","-16.3535750691714","OK","494"
"2022-10-25","ALL","OP(FY1_1M_CHG)","A179290","엠아이텍","0","OK","495"
"2022-10-25","ALL","OP(FY1_1M_CHG)","A179900","유티아이","","BLANK","496"
"2022-10-25","ALL","OP(FY1_1M_CHG)","A180640","한진칼","","BLANK","497"
"2022-10-25","ALL","OP(FY1_1M_CHG)","A181710","NHN","-8.86974916893322","OK","498"
"2022-10-25","ALL","OP(FY1_1M_CHG)","A182400","엔케이젠바이오텍코리아","","BLANK","499"
"2022-10-25","ALL","OP(FY1_1M_CHG)","A183190","아세아시멘트","-9.49529512403765","OK","500"
"2022-10-25","ALL","OP(FY1_1M_CHG)","A183300","코미코","","BLANK","501"
"2022-10-25","ALL","OP(FY1_1M_CHG)","A185750","종근당","5.24067217317003","OK","502"
"2022-10-25","ALL","OP(FY1_1M_CHG)","A189300","인텔리안테크","-4.51478982874936","OK","503"
"2022-10-25","ALL","OP(FY1_1M_CHG)","A192080","더블유게임즈","1.82086335016167","OK","504"
"2022-10-25","ALL","OP(FY1_1M_CHG)","A192400","쿠쿠홀딩스","","BLANK","505"
"2022-10-25","ALL","OP(FY1_1M_CHG)","A192650","드림텍","","BLANK","506"
"2022-10-25","ALL","OP(FY1_1M_CHG)","A192820","코스맥스","-9.2204628501827","OK","507"
"2022-10-25","ALL","OP(FY1_1M_CHG)","A194480","데브시스터즈","31.4814814814815","OK","508"
"2022-10-25","ALL","OP(FY1_1M_CHG)","A195870","해성디에스",".559294719878665","OK","509"
"2022-10-25","ALL","OP(FY1_1M_CHG)","A195940","HK이노엔",".736648250460411","OK","510"
"2022-10-25","ALL","OP(FY1_1M_CHG)","A196170","알테오젠","-63.5384615384616","OK","511"
"2022-10-25","ALL","OP(FY1_1M_CHG)","A199800","툴젠","","BLANK","512"
"2022-10-25","ALL","OP(FY1_1M_CHG)","A200130","콜마비앤에이치","0","OK","513"
"2022-10-25","ALL","OP(FY1_1M_CHG)","A204270","제이앤티씨","","BLANK","514"
"2022-10-25","ALL","OP(FY1_1M_CHG)","A204320","HL만도",".995186914196794","OK","515"
"2022-10-25","ALL","OP(FY1_1M_CHG)","A205470","휴마시스","","BLANK","516"
"2022-10-25","ALL","OP(FY1_1M_CHG)","A206650","유바이오로직스","","BLANK","517"
"2022-10-25","ALL","OP(FY1_1M_CHG)","A207940","삼성바이오로직스","6.77157583068319","OK","518"
"2022-10-25","ALL","OP(FY1_1M_CHG)","A210980","SK디앤디","-12.2032026504693","OK","519"
"2022-10-25","ALL","OP(FY1_1M_CHG)","A213420","덕산네오룩스","-.473484848484849","OK","520"
"2022-10-25","ALL","OP(FY1_1M_CHG)","A213500","한솔제지","0","OK","521"
"2022-10-25","ALL","OP(FY1_1M_CHG)","A214150","클래시스","-.453720508166986","OK","522"
"2022-10-25","ALL","OP(FY1_1M_CHG)","A214320","이노션","-1.43853530950304","OK","523"
"2022-10-25","ALL","OP(FY1_1M_CHG)","A214370","케어젠","","BLANK","524"
"2022-10-25","ALL","OP(FY1_1M_CHG)","A214450","파마리서치","1.93200539164296","OK","525"
"2022-10-25","ALL","OP(FY1_1M_CHG)","A215000","골프존","3.95694643190444","OK","526"
"2022-10-25","ALL","OP(FY1_1M_CHG)","A215200","메가스터디교육","1.91606491742333","OK","527"
"2022-10-25","ALL","OP(FY1_1M_CHG)","A215600","신라젠","","BLANK","528"
"2022-10-25","ALL","OP(FY1_1M_CHG)","A217270","넵튠","","BLANK","529"
"2022-10-25","ALL","OP(FY1_1M_CHG)","A217330","싸이토젠","","BLANK","530"
"2022-10-25","ALL","OP(FY1_1M_CHG)","A218410","RFHIC","-11.8863049095607","OK","531"
"2022-10-25","ALL","OP(FY1_1M_CHG)","A222080","SFA넥셀","33.9805825242718","OK","532"
"2022-10-25","ALL","OP(FY1_1M_CHG)","A222800","심텍",".444220553214874","OK","533"
"2022-10-25","ALL","OP(FY1_1M_CHG)","A225570","넥슨게임즈","","BLANK","534"
"2022-10-25","ALL","OP(FY1_1M_CHG)","A226320","잇츠한불","","BLANK","535"
"2022-10-25","ALL","OP(FY1_1M_CHG)","A226950","올릭스","0","OK","536"
"2022-10-25","ALL","OP(FY1_1M_CHG)","A230240","에치에프알","13.1647634584013","OK","537"
"2022-10-25","ALL","OP(FY1_1M_CHG)","A230360","에코마케팅",".204177791738645","OK","538"
"2022-10-25","ALL","OP(FY1_1M_CHG)","A232140","와이씨","","BLANK","539"
"2022-10-25","ALL","OP(FY1_1M_CHG)","A235980","메드팩토","","BLANK","540"
"2022-10-25","ALL","OP(FY1_1M_CHG)","A237690","에스티팜","10.3904282115869","OK","541"
"2022-10-25","ALL","OP(FY1_1M_CHG)","A240810","원익IPS","-10.2729933964191","OK","542"
"2022-10-25","ALL","OP(FY1_1M_CHG)","A241560","두산밥캣","19.7009102730819","OK","543"
"2022-10-25","ALL","OP(FY1_1M_CHG)","A241590","화승엔터프라이즈","-3.91328515842134","OK","544"
"2022-10-25","ALL","OP(FY1_1M_CHG)","A243070","휴온스","1.6032887975334","OK","545"
"2022-10-25","ALL","OP(FY1_1M_CHG)","A243840","신흥에스이씨","0","OK","546"
"2022-10-25","ALL","OP(FY1_1M_CHG)","A246710","티앤알바이오팹","","BLANK","547"
"2022-10-25","ALL","OP(FY1_1M_CHG)","A247540","에코프로비엠","9.10446199717529","OK","548"
"2022-10-25","ALL","OP(FY1_1M_CHG)","A248070","솔루엠","0","OK","549"
"2022-10-25","ALL","OP(FY1_1M_CHG)","A249420","일동제약","","BLANK","550"
"2022-10-25","ALL","OP(FY1_1M_CHG)","A251270","넷마블","-412.94964028777","OK","551"
"2022-10-25","ALL","OP(FY1_1M_CHG)","A253450","스튜디오드래곤","-3.23835679139489","OK","552"
"2022-10-25","ALL","OP(FY1_1M_CHG)","A256840","한국비엔씨","","BLANK","553"
"2022-10-25","ALL","OP(FY1_1M_CHG)","A259960","크래프톤","-2.66864433350216","OK","554"
"2022-10-25","ALL","OP(FY1_1M_CHG)","A263750","펄어비스","-64.4965934897805","OK","555"
"2022-10-25","ALL","OP(FY1_1M_CHG)","A265520","AP시스템","0","OK","556"
"2022-10-25","ALL","OP(FY1_1M_CHG)","A267250","HD현대","0","OK","557"
"2022-10-25","ALL","OP(FY1_1M_CHG)","A267260","HD현대일렉트릭","0","OK","558"
"2022-10-25","ALL","OP(FY1_1M_CHG)","A267270","HD건설기계","0","OK","559"
"2022-10-25","ALL","OP(FY1_1M_CHG)","A267980","매일유업","-1.51045178691841","OK","560"
"2022-10-25","ALL","OP(FY1_1M_CHG)","A268280","미원에스씨","","BLANK","561"
"2022-10-25","ALL","OP(FY1_1M_CHG)","A271560","오리온",".415127047123761","OK","562"
"2022-10-25","ALL","OP(FY1_1M_CHG)","A271940","일진하이솔루스","-5.56088207094919","OK","563"
"2022-10-25","ALL","OP(FY1_1M_CHG)","A271980","제일약품","","BLANK","564"
"2022-10-25","ALL","OP(FY1_1M_CHG)","A272210","한화시스템","3.07049864898059","OK","565"
"2022-10-25","ALL","OP(FY1_1M_CHG)","A272290","이녹스첨단소재","-1.95678760701183","OK","566"
"2022-10-25","ALL","OP(FY1_1M_CHG)","A272450","진에어","-8.45739626227432","OK","567"
"2022-10-25","ALL","OP(FY1_1M_CHG)","A272550","삼양패키징","0","OK","568"
"2022-10-25","ALL","OP(FY1_1M_CHG)","A277810","레인보우로보틱스","0","OK","569"
"2022-10-25","ALL","OP(FY1_1M_CHG)","A278280","천보","-7.87401574803105E-02","OK","570"
"2022-10-25","ALL","OP(FY1_1M_CHG)","A278650","HLB바이오스텝","","BLANK","571"
"2022-10-25","ALL","OP(FY1_1M_CHG)","A280360","롯데웰푸드","","BLANK","572"
"2022-10-25","ALL","OP(FY1_1M_CHG)","A281740","레이크머티리얼즈","-2.66666666666667","OK","573"
"2022-10-25","ALL","OP(FY1_1M_CHG)","A281820","케이씨텍","0","OK","574"
"2022-10-25","ALL","OP(FY1_1M_CHG)","A282330","BGF리테일",".390193914551478","OK","575"
"2022-10-25","ALL","OP(FY1_1M_CHG)","A284740","쿠쿠홈시스","","BLANK","576"
"2022-10-25","ALL","OP(FY1_1M_CHG)","A285130","SK케미칼","0","OK","577"
"2022-10-25","ALL","OP(FY1_1M_CHG)","A286940","롯데이노베이트","-18.8118811881188","OK","578"
"2022-10-25","ALL","OP(FY1_1M_CHG)","A289220","자이언트스텝","0","OK","579"
"2022-10-25","ALL","OP(FY1_1M_CHG)","A290650","엘앤씨바이오","-21.1051930758988","OK","580"
"2022-10-25","ALL","OP(FY1_1M_CHG)","A290670","대보마그네틱","0","OK","581"
"2022-10-25","ALL","OP(FY1_1M_CHG)","A293490","카카오게임즈","-11.4799308878256","OK","582"
"2022-10-25","ALL","OP(FY1_1M_CHG)","A293780","압타바이오","","BLANK","583"
"2022-10-25","ALL","OP(FY1_1M_CHG)","A294090","이오플로우","","BLANK","584"
"2022-10-25","ALL","OP(FY1_1M_CHG)","A294570","쿠콘","0","OK","585"
"2022-10-25","ALL","OP(FY1_1M_CHG)","A294870","IPARK현대산업개발","","BLANK","586"
"2022-10-25","ALL","OP(FY1_1M_CHG)","A298000","효성화학","-3941.53846153846","OK","587"
"2022-10-25","ALL","OP(FY1_1M_CHG)","A298020","효성티앤씨","-47.0974378155975","OK","588"
"2022-10-25","ALL","OP(FY1_1M_CHG)","A298040","효성중공업",".533610020010375","OK","589"
"2022-10-25","ALL","OP(FY1_1M_CHG)","A298050","HS효성첨단소재","-2.08445504191985","OK","590"
"2022-10-25","ALL","OP(FY1_1M_CHG)","A298380","에이비엘바이오","","BLANK","591"
"2022-10-25","ALL","OP(FY1_1M_CHG)","A298540","더네이쳐홀딩스","2.52469813391878","OK","592"
"2022-10-25","ALL","OP(FY1_1M_CHG)","A299030","하나기술","0","OK","593"
"2022-10-25","ALL","OP(FY1_1M_CHG)","A299900","위지윅스튜디오","0","OK","594"
"2022-10-25","ALL","OP(FY1_1M_CHG)","A300720","한일시멘트","13.0434782608696","OK","595"
"2022-10-25","ALL","OP(FY1_1M_CHG)","A302440","SK바이오사이언스","-44.0072085642046","OK","596"
"2022-10-25","ALL","OP(FY1_1M_CHG)","A306200","세아제강","-2.01042442293374","OK","597"
"2022-10-25","ALL","OP(FY1_1M_CHG)","A307750","국전","","BLANK","598"
"2022-10-25","ALL","OP(FY1_1M_CHG)","A307950","현대오토에버","2.45559466317436E-02","OK","599"
"2022-10-25","ALL","OP(FY1_1M_CHG)","A310210","보로노이","","BLANK","600"
"2022-10-25","ALL","OP(FY1_1M_CHG)","A316140","우리금융지주","5.23522074423154E-03","OK","601"
"2022-10-25","ALL","OP(FY1_1M_CHG)","A317330","덕산테코피아","-7.62820512820513","OK","602"
"2022-10-25","ALL","OP(FY1_1M_CHG)","A319400","현대무벡스","","BLANK","603"
"2022-10-25","ALL","OP(FY1_1M_CHG)","A319660","피에스케이","-3.12727272727273","OK","604"
"2022-10-25","ALL","OP(FY1_1M_CHG)","A321550","티움바이오","0","OK","605"
"2022-10-25","ALL","OP(FY1_1M_CHG)","A322000","HD현대에너지솔루션","13.9614855570839","OK","606"
"2022-10-25","ALL","OP(FY1_1M_CHG)","A323410","카카오뱅크","-2.00581551881966","OK","607"
"2022-10-25","ALL","OP(FY1_1M_CHG)","A323990","박셀바이오","","BLANK","608"
"2022-10-25","ALL","OP(FY1_1M_CHG)","A326030","SK바이오팜",".37373651575639","OK","609"
"2022-10-25","ALL","OP(FY1_1M_CHG)","A329180","HD현대중공업","2.05382706623401","OK","610"
"2022-10-25","ALL","OP(FY1_1M_CHG)","A330860","네패스아크","0","OK","611"
"2022-10-25","ALL","OP(FY1_1M_CHG)","A336260","두산퓨얼셀","-6.53669724770642","OK","612"
"2022-10-25","ALL","OP(FY1_1M_CHG)","A336370","솔루스첨단소재","-566.666666666667","OK","613"
"2022-10-25","ALL","OP(FY1_1M_CHG)","A340570","티앤엘","3.77358490566038","OK","614"
"2022-10-25","ALL","OP(FY1_1M_CHG)","A344820","KCC글라스","","BLANK","615"
"2022-10-25","ALL","OP(FY1_1M_CHG)","A348210","넥스틴","2.96381832178599","OK","616"
"2022-10-25","ALL","OP(FY1_1M_CHG)","A348370","엔켐","0","OK","617"
"2022-10-25","ALL","OP(FY1_1M_CHG)","A352820","하이브","-.803917567843297","OK","618"
"2022-10-25","ALL","OP(FY1_1M_CHG)","A353200","대덕전자","1.97180735022654","OK","619"
"2022-10-25","ALL","OP(FY1_1M_CHG)","A357780","솔브레인","-1.56742635798578","OK","620"
"2022-10-25","ALL","OP(FY1_1M_CHG)","A360070","탑머티리얼","","BLANK","621"
"2022-10-25","ALL","OP(FY1_1M_CHG)","A361610","SK아이이테크놀로지","-391.017964071856","OK","622"
"2022-10-25","ALL","OP(FY1_1M_CHG)","A363280","티와이홀딩스","0","OK","623"
"2022-10-25","ALL","OP(FY1_1M_CHG)","A365340","성일하이텍","-33.4827313472186","OK","624"
"2022-10-25","ALL","OP(FY1_1M_CHG)","A371950","풍원정밀","-9.9195710455764","OK","625"
"2022-10-25","ALL","OP(FY1_1M_CHG)","A373220","LG에너지솔루션","10.6082543241013","OK","626"
"2022-10-25","ALL","OP(FY1_1M_CHG)","A375500","DL이앤씨","-4.18533968086591","OK","627"
"2022-10-25","ALL","OP(FY1_1M_CHG)","A376300","디어유","0","OK","628"
"2022-10-25","ALL","OP(FY1_1M_CHG)","A377300","카카오페이","-350.467289719626","OK","629"
"2022-10-25","ALL","OP(FY1_1M_CHG)","A381970","케이카","-.93808630393997","OK","630"
"2022-10-25","ALL","OP(FY1_1M_CHG)","A382840","원준","0","OK","631"
"2022-10-25","ALL","OP(FY1_1M_CHG)","A383220","F&F","2.11448743192662","OK","632"
"2022-10-25","ALL","OP(FY1_1M_CHG)","A383310","에코프로에이치엔","","BLANK","633"
"2022-10-25","ALL","OP(FY1_1M_CHG)","A383800","LX홀딩스","","BLANK","634"
"2022-10-25","ALL","OP(FY1_1M_CHG)","A389260","대명에너지","0","OK","635"
"2022-10-25","ALL","OP(FY1_1M_CHG)","A393890","더블유씨피","","BLANK","636"
"2022-10-25","ALL","OP(FY1_1M_CHG)","A402340","SK스퀘어","0","OK","637"
"2022-10-25","ALL","OP(FY1_1M_CHG)","A403550","쏘카","0","OK","638"
"2022-10-25","ALL","OP(FY1_1M_CHG)","A403870","HPSP","-2.96093555610848","OK","639"
"2022-10-25","ALL","OP(FY1_1M_CHG)","A900140","엘브이엠씨홀딩스","","BLANK","640"
"2022-10-25","ALL","OP(FY1_1M_CHG)","A950130","엑세스바이오","","BLANK","641"
"2022-10-25","ALL","OP(FY1_1M_CHG)","A950160","코오롱티슈진","","BLANK","642"
"2022-10-25","ALL","OP(FY1_1M_CHG)","A950210","프레스티지바이오파마","","BLANK","643"
"2022-10-25","ALL","OP(FY1_1M_CHG)","A950220","네오이뮨텍","","BLANK","644"
